3.0 1.8135111886261843 0 0
3.0 1.799530373664108 0 1
3.0 1.8115139274343988 0 2
3.0 1.8055222372071054 0 3
3.0 1.807519463005731 0 4
3.0 1.8973960832291759 0 5
3.0 1.8195030168936654 0 6
3.0 1.8175057422190108 0 7
3.0 1.8095167079236272 0 8
3.0 1.8175057422190113 0 9
3.0 1.8075194468496807 0 10
3.0 1.8334838068473087 0 11
3.0 1.8694345143986202 0 12
3.0 1.8115139934528062 0 13
3.0 1.8254948606790256 0 14
3.0 1.799530407943265 0 15
3.0 1.8075194512050663 0 16
3.0 1.813511222456739 0 17
3.0 1.8055221991578156 0 18
3.0 1.8254948376144557 0 19
3.0 1.8115139602840122 0 20
3.0 1.8494619062414648 0 21
3.0 1.7995303804078997 0 22
3.0 1.775218961974747 0 23
2.0 3.241506223236496 1 0
2.0 3.205511608081608 1 1
2.0 3.199512590346313 1 2
2.0 3.1855147255503424 1 3
2.0 3.2015124204494603 1 4
2.0 3.22150934583775 1 5
2.0 3.1955132045959016 1 6
2.0 3.1955133135794167 1 7
2.0 3.197512907954861 1 8
2.0 3.277500642025408 1 9
2.0 3.193513560429473 1 10
2.0 3.185514669840526 1 11
2.0 3.207511467753229 1 12
2.0 3.2015122525856685 1 13
2.0 3.179515720463723 1 14
2.0 3.2075114561142133 1 15
2.0 3.2495050802225376 1 16
2.0 3.201512405697115 1 17
2.0 3.2095110309114943 1 18
2.0 3.1895142553824813 1 19
2.0 3.187514438148058 1 20
2.0 3.2055116080816077 1 21
2.0 3.2095111713119717 1 22
2.0 3.1855146896839 1 23
2.0 3.157519055684479 1 24
2.0 3.1035273222491693 1 25
2.0 3.087762607201828 1 26
2.0 3.05181194620654 1 27
2.0 3.045820065195511 1 28
2.0 3.005874840687113 1 29
2.0 3.0138638707342316 1 30
2.0 2.991894180715426 1 31
2.0 3.041825592348935 1 32
2.0 2.9499517440728638 1 33
2.0 2.9439597725591757 1 34
2.0 2.919992812169695 1 35
2.0 2.888036502543106 1 36
2.0 2.8560805140023695 1 37
2.0 2.8281188771033032 1 38
2.0 2.8141380173084882 1 39
2.0 2.752222896313343 1 40
2.0 2.7122777808537695 1 41
2.0 2.6683382109821174 1 42
2.0 2.6243983368270283 1 43
2.0 2.5901062281946676 1 44
2.0 2.5562355319776353 1 45
2.0 2.4985709927978172 1 46
2.0 2.496463854525416 1 47
2.0 2.4167683074345803 1 48
2.0 2.3928595834208126 1 49
2.0 2.327110790221107 1 50
2.0 2.313164024464776 1 51
2.0 2.233468533791686 1 52
2.0 2.2972249246745498 1 53
2.0 2.213544533339798 1 54
2.0 2.169712073517909 1 55
2.0 2.129864250301703 1 56
2.0 2.068100216534985 1 57
2.0 2.0979860057122006 1 58
2.0 1.9744578579963261 1 59
2.0 1.95453403432895 1 60
2.0 1.9213632207056996 1 61
2.0 1.9077094440605011 1 62
2.0 1.9457036293584984 1 63
2.0 1.8135112466118606 1 64
2.0 3.149520282302684 2 0
2.0 3.161518329145397 2 1
2.0 3.171517004112649 2 2
2.0 3.153519650060969 2 3
2.0 3.1815154266040673 2 4
2.0 3.167517551948321 2 5
2.0 3.173516656961703 2 6
2.0 3.1695171219871656 2 7
2.0 3.1575189879658145 2 8
2.0 3.179515721624132 2 9
2.0 3.175516304112856 2 10
2.0 3.1755162869851916 2 11
2.0 3.173516656592731 2 12
2.0 3.171516892252552 2 13
2.0 3.165517840811279 2 14
2.0 3.187514445475361 2 15
2.0 3.1755162321551578 2 16
2.0 3.1795156399341398 2 17
2.0 3.165517834666066 2 18
2.0 3.161518371394348 2 19
2.0 3.159518740530656 2 20
2.0 3.1575190421078956 2 21
2.0 3.159518796137043 2 22
2.0 3.205511676456258 2 23
2.0 3.127523685149158 2 24
2.0 3.047535729463508 2 25
2.0 3.033537879112831 2 26
2.0 3.005542097793527 2 27
2.0 2.981545866447926 2 28
2.0 2.989544655515531 2 29
2.0 2.9895445405816043 2 30
2.0 2.9635485766309815 2 31
2.0 2.961548862716552 2 32
2.0 2.933553168871893 2 33
2.0 2.885560328814143 2 34
2.0 2.8715625763718697 2 35
2.0 2.8575648048020286 2 36
2.0 2.8035729926199977 2 37
2.0 2.7915746638067485 2 38
2.0 2.7295841645906935 2 39
2.0 2.7155863493470562 2 40
2.0 2.7055877599709715 2 41
2.0 2.6056030521672175 2 42
2.0 2.561609784004838 2 43
2.0 2.54161290769263 2 44
2.0 2.463624839203512 2 45
2.0 2.4376286571217007 2 46
2.0 2.4056334449547805 2 47
2.0 2.3596406666864693 2 48
2.0 2.29565029447572 2 49
2.0 2.2716539576886388 2 50
2.0 2.25765606509926 2 51
2.0 2.221661584790345 2 52
2.0 2.191666153066397 2 53
2.0 2.1536719128270407 2 54
2.0 2.101679779403724 2 55
2.0 2.0916814091054317 2 56
2.0 2.0616859764945756 2 57
2.0 2.011693579944138 2 58
2.0 1.9956959527565958 2 59
1.0 1.937341250727011 2 60
1.0 4.089377083900883 3 0
1.0 3.9833931268846423 3 1
1.0 3.9014057140314384 3 2
1.0 3.855412752501581 3 3
1.0 3.8254173184647304 3 4
1.0 3.7694259073979404 3 5
1.0 3.7234327032598102 3 6
1.0 3.717433664418177 3 7
1.0 3.6474444483679314 3 8
1.0 3.6094502765687677 3 9
1.0 3.583454172875809 3 10
1.0 3.5374612140783843 3 11
1.0 3.489468431337639 3 12
1.0 3.3894837382003935 3 13
1.0 3.3674871596711404 3 14
1.0 3.327493058419366 3 15
1.0 3.2775007653776314 3 16
1.0 3.265502595474765 3 17
1.0 3.219509666170852 3 18
1.0 3.1655178278027574 3 19
1.0 3.1415213437201537 3 20
1.0 3.1695172739216857 3 21
1.0 3.1415213731389895 3 22
1.0 3.0775311814127884 3 23
1.0 3.0775311335793947 3 24
1.0 2.955549793799741 3 25
1.0 2.9535501472716126 3 26
1.0 2.748228415168268 3 27
1.0 2.656354458718538 3 28
1.0 2.6224012332998194 3 29
1.0 2.608420278576569 3 30
1.0 2.5485025559657735 3 31
1.0 2.486587518063097 3 32
1.0 2.448639587318261 3 33
1.0 2.4266697201052607 3 34
1.0 2.416683466527367 3 35
4.0 3.2415062991345187 4 0
4.0 3.159518622908365 4 1
4.0 3.125523835544813 4 2
4.0 3.0635332833509916 4 3
4.0 3.025539208106035 4 4
4.0 2.991544274857642 4 5
4.0 2.985545114737895 4 6
4.0 2.94155193814255 4 7
4.0 2.933553050249121 4 8
4.0 2.8775615774490486 4 9
4.0 2.7675783761631245 4 10
4.0 2.656354611388524 4 11
1.0 2.6204038168898536 4 12
4.0 2.605603096176028 4 13
4.0 2.6056031099710815 4 14
4.0 2.513617099053872 4 15
1.0 2.5156168828544776 4 16
4.0 2.4456274377386222 4 17
4.0 2.407633193549037 4 18
4.0 2.4096328878358806 4 19
4.0 2.3476424386712957 4 20
4.0 2.269654353306478 4 21
4.0 2.2536566060289887 4 22
4.0 2.1936657415215275 4 23
4.0 2.201664587468953 4 24
4.0 2.1616706511272907 4 25
4.0 2.149672513723407 4 26
4.0 2.051687468169205 4 27
4.0 1.99925628247245 4 28
4.0 1.9473275535967387 4 29
4.0 1.9073824172502387 4 30
4.0 1.9133741906722628 4 31
4.0 1.831486552528492 4 32
4.0 1.8115139227195844 4 33
4.0 1.7855496397910922 4 34
4.0 1.7296264060881859 4 35
4.0 1.7136482990998387 4 36
4.0 1.7136483183780338 4 37
4.0 1.6137853631657042 4 38
4.0 1.5738401605140782 4 39
4.0 1.5358921974814024 4 40
4.0 1.4557782057030815 4 41
4.0 1.448467037893671 4 42
1.0 5.27719607460919 5 0
1.0 5.207206689154105 5 1
1.0 1.7831884929245951 5 2
1.0 1.8329982617271852 5 3
1.0 1.6975157536305576 5 4
1.0 1.6516908646917237 5 5
1.0 1.6237715945041271 5 6
1.0 1.5898182530761218 5 7
1.0 1.533894965278165 5 8
1.0 1.5217681751781909 5 9
1.0 1.487773331520951 5 10
1.0 1.4397806458375566 5 11
1.0 1.4617773789181499 5 12
1.0 1.3677916799067311 5 13
1.0 1.3118001804062636 5 14
1.0 1.2658071686487133 5 15
1.0 1.2223225549294512 5 16
1.0 3.0155406953827835 5 17
1.0 2.937552493318144 5 18
1.0 2.90955674181109 5 19
1.0 2.8695627786391036 5 20
1.0 2.793574455069692 5 21
1.0 2.681591473938706 5 22
1.0 2.546505286581746 5 23
1.0 2.4386532792422733 5 24
1.0 2.4166834344373447 5 25
1.0 2.3407876321021694 5 26
1.0 2.332798529568494 5 27
1.0 2.3447820979851848 5 28
1.0 2.24491920988169 5 29
1.0 2.2149602703070963 5 30
1.0 2.1969849913496593 5 31
1.0 2.1630316257947917 5 32
1.0 2.1470535246411777 5 33
1.0 2.147053546342475 5 34
1.0 2.047190518433918 5 35
1.0 2.0052480866783338 5 36
1.0 1.9593110860589114 5 37
1.0 1.921363198032854 5 38
1.0 3.647444404538537 6 0
1.0 3.5934526424830135 6 1
1.0 3.4454751592489994 6 2
1.0 3.445475084048655 6 3
1.0 3.281500089611827 6 4
1.0 3.2135104698157284 6 5
1.0 3.15751907672973 6 6
1.0 3.1435210460239245 6 7
1.0 3.10352727142693 6 8
1.0 3.059533962207355 6 9
1.0 3.0255390198015437 6 10
1.0 2.989544611113356 6 11
1.0 2.8255696434288105 6 12
1.0 2.741582379710473 6 13
1.0 2.7135865862415796 6 14
1.0 2.619601013883144 6 15
1.0 2.591605290683754 6 16
1.0 2.567608957196977 6 17
1.0 2.481621998084832 6 18
1.0 2.4656244468801027 6 19
1.0 2.40163411810584 6 20
1.0 2.3367931856587085 6 21
1.0 2.4036339248058023 6 22
1.0 2.262894580909789 6 23
1.0 2.285651755198917 6 24
1.0 2.2169575653199924 6 25
1.0 2.161034303615082 6 26
1.0 2.1470534624126083 6 27
1.0 2.1310753742479354 6 28
1.0 2.085682313734355 6 29
1.0 2.0656853161993998 6 30
1.0 2.0236917973978006 6 31
1.0 1.9792836891203787 6 32
1.0 4.63729365570928 7 0
1.0 4.467319523179418 7 1
1.0 4.425326008294398 7 2
1.0 4.419326796422996 7 3
1.0 4.361335565849075 7 4
1.0 4.339338996839298 7 5
1.0 4.3093435260569635 7 6
1.0 4.281347910846592 7 7
1.0 4.2273560587538315 7 8
1.0 4.189361916097446 7 9
1.0 4.151367709898115 7 10
1.0 4.105374681882231 7 11
4.0 3.673440375351366 7 12
1.0 3.5054660489242284 7 13
4.0 3.473470770878596 7 14
4.0 3.457473360848398 7 15
4.0 3.389483681202387 7 16
4.0 3.377485584736895 7 17
4.0 3.3074961137573426 7 18
4.0 3.301497088554198 7 19
4.0 3.2215092846452404 7 20
4.0 3.275501123170906 7 21
4.0 3.185514716182739 7 22
4.0 3.1775158608320133 8 0
4.0 3.015540724993927 8 1
4.0 2.9935441031431975 8 2
4.0 2.9495506818208552 8 3
4.0 2.901558009836544 8 4
4.0 2.8675632775262634 8 5
4.0 2.835568135190613 8 6
4.0 2.7635790653906893 8 7
4.0 2.711586954678529 8 8
4.0 2.675592510446055 8 9
4.0 2.6056030930142655 8 10
4.0 2.605603109037464 8 11
4.0 2.5376133578928806 8 12
4.0 2.4816218938045917 8 13
4.0 2.4376285716810115 8 14
4.0 2.4776225064900275 8 15
4.0 2.3856365911707504 8 16
4.0 2.3056487094596436 8 17
4.0 2.3256458160311517 8 18
4.0 2.3128260040509385 8 19
4.0 2.195665424316658 8 20
4.0 2.1550425481180993 8 21
4.0 2.139064494597178 8 22
4.0 2.0956808210991844 8 23
4.0 2.081143918028339 8 24
4.0 2.077683543458314 8 25
4.0 2.003694792189724 8 26
4.0 1.9692974667995884 8 27
4.0 1.9453303402882152 8 28
4.0 1.913374206747734 8 29
4.0 1.8814180808671703 8 30
4.0 1.7995304381884254 8 31
4.0 1.8057249512325835 8 32
4.0 1.7114625082992188 8 33
4.0 4.129370948087639 9 0
1.0 3.9014057367053283 9 1
1.0 3.7934220666901393 9 2
1.0 3.8014208240074425 9 3
4.0 3.773425275969712 9 4
3.0 3.70543564176003 9 5
4.0 3.677439711696798 9 6
4.0 3.645444797577948 9 7
4.0 3.6054507580345434 9 8
4.0 3.50546598638926 9 9
4.0 3.5374612435599393 9 10
4.0 3.45547365294042 9 11
4.0 3.4054813264336694 9 12
4.0 3.3054965348423098 9 13
4.0 3.2934983982758146 9 14
4.0 3.281500233302104 9 15
4.0 3.2055116536993444 9 16
4.0 3.2055117451817483 9 17
4.0 3.0815304868609585 9 18
4.0 3.0755314912478195 9 19
4.0 3.0055422861975747 9 20
4.0 3.005542204980548 9 21
4.0 2.9235546969428468 9 22
4.0 2.891559491046255 9 23
4.0 2.839567376064639 9 24
4.0 2.7875754781314916 9 25
4.0 2.7575800391418426 9 26
4.0 2.6975890938285016 9 27
4.0 2.629599373529037 9 28
4.0 2.566477959765183 9 29
4.0 2.5804586438556254 9 30
4.0 2.533614172821887 9 31
4.0 2.4406505587735823 9 32
4.0 2.4776225123832623 9 33
4.0 2.4136324431363487 9 34
4.0 2.3256456261520353 9 35
4.0 2.2876515831813338 9 36
4.0 2.2416584969219246 9 37
4.0 2.2296604743459767 9 38
4.0 2.1476727354961644 9 39
4.0 2.1436734861027364 9 40
4.0 2.077683464540553 9 41
4.0 2.0396892545483736 9 42
4.0 2.0531822777591096 9 43
4.0 1.973292001327854 9 44
4.0 1.9253576852327285 9 45
4.0 1.8834152513470346 9 46
4.0 1.8514591166837835 9 47
4.0 1.8057249697997158 9 48
4.0 1.8290134948044434 9 49
4.0 2.987544982481441 9 50
4.0 2.9195552077943514 9 51
4.0 2.901557916264741 9 52
4.0 2.8435668038266892 9 53
4.0 2.84356681310813 9 54
4.0 2.7635791229706093 9 55
4.0 2.721585406819573 9 56
4.0 2.703588078929453 9 57
4.0 2.653595883075314 9 58
4.0 2.6216006870783617 9 59
4.0 2.561609788012175 9 60
4.0 2.5336141123272946 9 61
4.0 2.510554595449898 9 62
4.0 2.473623267084034 9 63
4.0 2.3456427081483433 9 64
4.0 2.3296451738423243 9 65
4.0 2.2756533958742007 9 66
4.0 2.273653617014872 9 67
4.0 2.2756533412080535 9 68
4.0 2.153671942331761 9 69
4.0 2.1416737506295593 9 70
4.0 2.143058945210041 9 71
4.0 2.073684151941206 9 72
4.0 2.0272179087761395 9 73
4.0 1.965700591340122 9 74
4.0 1.9457035915839838 9 75
4.0 1.9277063163725485 9 76
4.0 1.873714614771102 9 77
4.0 1.8497182094722215 9 78
4.0 1.8037252094941096 9 79
4.0 3.013541008257429 10 0
4.0 3.005542286602109 10 1
4.0 2.933553192248754 10 2
4.0 2.8815610986004123 10 3
4.0 2.8295688976615496 10 4
4.0 2.7935744935820326 10 5
4.0 2.7575799879198493 10 6
4.0 2.6835911380836253 10 7
4.0 2.6455970251623637 10 8
4.0 2.657595132106509 10 9
4.0 2.6096025309091897 10 10
4.0 2.4936200824758115 10 11
4.0 2.500568471482631 10 12
4.0 2.4446452155521676 10 13
4.0 2.4186807803386166 10 14
4.0 2.4056336692933966 10 15
4.0 2.3816371742815257 10 16
4.0 2.31964655941315 10 17
4.0 2.277652958219105 10 18
4.0 2.2056639762085752 10 19
4.0 2.225660967038452 10 20
4.0 2.123676568477957 10 21
4.0 2.1236764007847158 10 22
4.0 2.0456883648432314 10 23
4.0 2.021692004864145 10 24
4.0 1.8937115888721188 10 25
4.0 1.8854126016915946 10 26
4.0 1.8274920734053073 10 27
4.0 1.7915414236758485 10 28
4.0 1.7615825427988263 10 29
4.0 1.6916783808241904 10 30
4.0 1.65572775022651 10 31
4.0 1.637752476796455 10 32
4.0 1.5818292329066386 10 33
4.0 1.5977566718330187 10 34
2.0 3.6634419925606156 10 35
1.0 3.5714560747092223 10 36
4.0 3.50946540383795 10 37
1.0 3.4994668895434344 10 38
4.0 3.487468841235092 10 39
4.0 3.4754705586116277 10 40
4.0 3.4034816218929045 10 41
4.0 3.373486230126894 10 42
4.0 3.291498655971592 10 43
4.0 3.2575038597593395 10 44
4.0 3.189514213959149 10 45
4.0 3.149520334755041 10 46
4.0 3.0355375307651733 10 47
4.0 2.72358517035355 10 48
4.0 2.721585504659444 10 49
4.0 2.603603359887355 10 50
4.0 2.5205408397119093 10 51
4.0 2.541612826613672 10 52
4.0 2.449626939543064 10 53
4.0 2.4276302313512637 10 54
4.0 2.4756228348774685 10 55
4.0 2.353641376768867 10 56
4.0 2.3456426981374308 10 57
4.0 2.3256457348708444 10 58
4.0 2.24965732831993 10 59
4.0 2.2516569213612465 10 60
4.0 2.153671914903765 10 61
4.0 2.1196771350076093 10 62
4.0 2.095124809828872 10 63
1.0 4.881256451069192 11 0
1.0 4.69128537861375 11 1
1.0 4.417327231275322 11 2
1.0 4.31334295199182 11 3
1.0 4.005389938115284 11 4
1.0 3.9713950552017176 11 5
1.0 3.8634115165092724 11 6
1.0 3.83341600305943 11 7
1.0 3.7694258631667252 11 8
1.0 3.7054356302589304 11 9
1.0 3.6654416152709706 11 10
1.0 3.609450119083991 11 11
1.0 3.5854538574631625 11 12
1.0 3.5694562724080354 11 13
1.0 3.149520158478208 11 14
1.0 3.109526391466159 11 15
1.0 3.0575343556612364 11 16
1.0 3.045536152051753 11 17
1.0 2.9995430821046 11 18
1.0 2.953550172289366 11 19
1.0 2.9175554721557613 11 20
1.0 2.869562781588422 11 21
1.0 2.7335836037844037 11 22
1.0 2.7122777687691206 11 23
1.0 2.578461566875529 11 24
1.0 2.5556107774576624 11 25
1.0 2.5336139478507014 11 26
1.0 2.4776226086357296 11 27
1.0 2.457625696601304 11 28
1.0 2.389636089120049 11 29
1.0 2.3816371504412035 11 30
1.0 2.3456427467296623 11 31
1.0 2.2936505963400133 11 32
1.0 2.261655407760578 11 33
1.0 2.2036642992706255 11 34
1.0 2.187666655973108 11 35
1.0 2.129675640139168 11 36
1.0 2.1456730960629917 11 37
1.0 2.077683478658046 11 38
1.0 2.019692284618798 11 39
1.0 1.9876972144433396 11 40
1.0 1.9397044956828948 11 41
1.0 1.957701742409119 11 42
1.0 1.8897121302636375 11 43
1.0 1.8477185316906066 11 44
1.0 1.8377200743708135 11 45
1.0 1.805724915296899 11 46
1.0 1.7297365440472328 11 47
1.0 1.6977413386938591 11 48
1.0 1.6917423381172327 11 49
1.0 1.6377505842538556 11 50
1.0 1.649736025357081 11 51
1.0 1.5698455735195342 11 52
1.0 1.6057554049186316 11 53
1.0 6.485012068152393 12 0
4.0 1.8277216450436247 12 1
4.0 1.8037252651621971 12 2
4.0 1.8037252057525364 12 3
4.0 1.7795578146378972 12 4
4.0 1.7076564846090747 12 5
4.0 1.6737030775622523 12 6
4.0 1.641746955951249 12 7
4.0 1.5918154896167098 12 8
4.0 1.5558648712691956 12 9
4.0 1.5279032170752314 12 10
4.0 1.4899552815245443 12 11
4.0 1.4360292658790672 12 12
4.0 1.4177840086650773 12 13
4.0 1.2950531394308369 12 14
1.0 3.765426386053425 13 0
4.0 3.669441108436582 13 1
4.0 3.6274474326950683 13 2
4.0 3.505466137372854 13 3
4.0 3.5334617676185793 13 4
4.0 3.453474007546829 13 5
4.0 3.3754858640382635 13 6
4.0 3.3514894190829163 13 7
4.0 2.781576252468114 13 8
4.0 2.7075875289036575 13 9
4.0 2.637598296697907 13 10
4.0 2.5976043966990394 13 11
4.0 2.529614680622995 13 12
4.0 2.4976196351376982 13 13
4.0 2.477622508587104 13 14
4.0 2.3476424027569665 13 15
4.0 2.274877976548182 13 16
4.0 2.228941146946473 13 17
4.0 2.240924756283817 13 18
4.0 4.447322380826599 13 19
4.0 3.9693954662684603 13 20
1.0 3.869410636641594 13 21
2.0 3.161518432345009 13 22
1.0 3.1395218448136637 13 23
1.0 3.073531720747592 13 24
4.0 3.073531772874893 13 25
4.0 2.957549598389079 13 26
2.0 2.9515504608917906 13 27
4.0 2.8935591732218433 13 28
4.0 2.8975587150993505 13 29
4.0 2.81957038344208 13 30
4.0 2.78557574674171 13 31
4.0 2.743582180911224 13 32
4.0 2.709587298482323 13 33
4.0 2.661594561875552 13 34
4.0 2.631599161087105 13 35
4.0 2.567608823263277 13 36
4.0 2.5456122049949452 13 37
4.0 2.499619137957902 13 38
4.0 2.517616422285235 13 39
4.0 2.473623111155987 13 40
4.0 2.3756380973584275 13 41
4.0 2.3916357622092295 13 42
4.0 2.3256457934676495 13 43
4.0 2.2896513362484354 13 44
4.0 2.2336597226347297 13 45
4.0 2.203664328693072 13 46
4.0 2.1370672368919945 13 47
4.0 2.1150973255514662 13 48
1.0 3.3734862019466756 14 0
1.0 3.233507462355285 14 1
1.0 3.179515644856021 14 2
1.0 3.1195248054971656 14 3
1.0 2.9975432804245874 14 4
1.0 2.9635485986518417 14 5
1.0 2.923554748421343 14 6
1.0 2.8695628920128153 14 7
1.0 2.7915748149261908 14 8
1.0 2.745581833293064 14 9
1.0 2.689590346015994 14 10
1.0 2.6455970733890473 14 11
1.0 2.601603703652956 14 12
1.0 2.571608206350246 14 13
1.0 2.5176164761724147 14 14
1.0 2.505618365701166 14 15
1.0 2.439628364702979 14 16
1.0 2.4056335364672403 14 17
1.0 2.3696390776802985 14 18
1.0 2.323646063079099 14 19
1.0 2.28365217407597 14 20
1.0 2.2516570101972215 14 21
1.0 2.2136628260087488 14 22
1.0 2.1236764655036517 14 23
1.0 2.1296756084119393 14 24
1.0 2.0476881088301586 14 25
1.0 2.0312124617444587 14 26
1.0 2.0096938783277225 14 27
1.0 1.9573138777045431 14 28
1.0 1.9417042291929476 14 29
1.0 1.8634426583385963 14 30
1.0 1.8135111923978446 14 31
1.0 1.7995304027257193 14 32
1.0 1.785549552842047 14 33
1.0 1.7296263607217628 14 34
1.0 1.7057401293895562 14 35
1.0 1.669745683794463 14 36
1.0 1.617753566795172 14 37
1.0 1.6037557472261257 14 38
1.0 1.5337663236638597 14 39
1.0 1.4917727255947624 14 40
1.0 1.5177687873660095 14 41
1.0 1.4197837751767315 14 42
1.0 1.3801060145255848 14 43
1.0 1.340160792628385 14 44
1.0 1.316193751912603 14 45
1.0 1.314196453211933 14 46
1.0 1.2522814104639894 14 47
1.0 1.2778053836278271 14 48
1.0 1.2014107638077822 14 49
1.0 1.1444294592249062 14 50
1.0 1.1298278694514252 14 51
1.0 1.0600392822923443 14 52
4.0 4.855260609685548 14 53
4.0 4.827264693669535 14 54
4.0 4.789270537340046 14 55
4.0 4.609298082933498 14 56
1.0 2.7682011009491108 14 57
1.0 2.73025319206745 14 58
1.0 2.6943025618332275 14 59
1.0 2.6443710665864675 14 60
1.0 2.6743298340715174 14 61
1.0 2.6024286351693995 14 62
1.0 2.568475080771825 14 63
1.0 2.5644806660180026 14 64
1.0 2.546505360390576 14 65
1.0 2.4386533952138776 14 66
1.0 2.40070536910145 14 67
1.0 2.3876362191963136 14 68
1.0 2.339643625715198 14 69
1.0 2.288858896989265 14 70
1.0 2.253656646788688 14 71
1.0 2.2496572633877467 14 72
1.0 2.219661919166867 14 73
1.0 2.169669468835085 14 74
1.0 2.2036643116618895 14 75
1.0 2.0916813642157472 14 76
1.0 2.041689032653165 14 77
1.0 2.051687492374766 14 78
1.0 1.9956959888474404 14 79
1.0 1.9856975002626411 14 80
1.0 1.919707585191551 14 81
1.0 1.8737145635641717 14 82
1.0 1.8597167490308415 14 83
1.0 1.8157234155470774 14 84
1.0 1.7837283008713642 14 85
1.0 1.7417346659828767 14 86
1.0 1.7697304062736414 14 87
1.0 1.731736160342036 14 88
1.0 1.669745671629527 14 89
1.0 1.5899267462455593 14 90
1.0 5.461168199109653 15 0
4.0 5.4251734217368535 15 1
4.0 3.9533977476069366 16 0
1.0 3.399482267126075 17 0
1.0 3.367487128844466 17 1
1.0 3.353489123234592 17 2
1.0 3.2854995707400705 17 3
1.0 3.2515046046390688 17 4
1.0 3.2235090553071637 17 5
1.0 3.177516050780141 17 6
1.0 3.14152150007883 17 7
1.0 3.1095263715300416 17 8
1.0 3.089529259661125 17 9
1.0 3.085530005166523 17 10
1.0 2.9675480335197038 17 11
1.0 2.917555535931787 17 12
1.0 2.8875602278280414 17 13
1.0 2.877561595446909 17 14
1.0 2.789575178588463 17 15
1.0 2.4056336555079 17 16
1.0 2.4056334554457415 17 17
1.0 2.2409246284109385 17 18
1.0 2.232935664776324 17 19
1.0 2.1670259864860517 17 20
1.0 2.205663997535822 17 21
1.0 2.1216768632599434 17 22
1.0 2.057686607237489 17 23
1.0 2.0136932138893973 17 24
1.0 1.9996953847913488 17 25
1.0 1.9836978358609167 17 26
1.0 1.983697858679464 17 27
1.0 1.9437039163911844 17 28
1.0 1.9157081423694908 17 29
1.0 1.905709687486817 17 30
1.0 1.881713330973127 17 31
1.0 1.8694345005180817 17 32
1.0 1.8197228522754354 17 33
1.0 1.8057248948967561 17 34
1.0 1.7615825048428395 17 35
1.0 1.7136482910931201 17 36
1.0 1.7535934935559554 17 37
1.0 1.7136482761034493 17 38
1.0 1.6657462715029199 17 39
1.0 1.6497486632205605 17 40
1.0 1.6177535841050577 17 41
1.0 1.5937571988069243 17 42
1.0 1.5598593632013598 17 43
1.0 1.554063717574464 17 44
1.0 1.556056129276175 17 45
1.0 3.4974672458862854 18 0
1.0 3.335491852825725 18 1
1.0 3.279500385699261 18 2
1.0 3.2455055943918487 18 3
1.0 3.223508906526246 18 4
1.0 3.167517441861632 18 5
1.0 3.1395216544355353 18 6
1.0 3.1255239631240124 18 7
1.0 3.0855299085028354 18 8
1.0 3.045536057103108 18 9
1.0 3.037537380791206 18 10
1.0 2.987544972217292 18 11
1.0 2.95355015609984 18 12
1.0 2.949550761027837 18 13
1.0 2.903557609574466 18 14
1.0 2.8015733050922047 18 15
1.0 2.7755771355292396 18 16
1.0 2.7235850577882776 18 17
1.0 2.6915900315473973 18 18
1.0 2.6275998257570343 18 19
1.0 2.6255999991456105 18 20
1.0 2.5856061956900613 18 21
1.0 2.5836063796176227 18 22
1.0 2.5896056351290953 18 23
1.0 2.5656091678733297 18 24
1.0 2.4816220090179866 18 25
1.0 2.4636246216322037 18 26
1.0 2.4056336012193693 18 27
1.0 2.377637723222748 18 28
1.0 2.345642695013138 18 29
1.0 2.3076484314037944 18 30
1.0 2.2616554808564397 18 31
1.0 2.2376592423810786 18 32
1.0 2.209663464515516 18 33
1.0 2.1856669557711395 18 34
1.0 2.1616708181690885 18 35
1.0 2.1416737975088798 18 36
1.0 2.1396741084513278 18 37
1.0 2.127675792144976 18 38
1.0 2.155671660262157 18 39
1.0 2.145673264591769 18 40
1.0 2.175668675239762 18 41
1.0 2.119677103619071 18 42
1.0 2.1256762851064575 18 43
1.0 2.0936811631681915 18 44
1.0 2.1776682268096605 18 45
1.0 2.0656854379247247 18 46
1.0 2.11967700088439 18 47
1.0 2.017231542129618 18 48
1.0 2.0156929085601285 18 49
1.0 1.957701752760897 18 50
1.0 1.937704806864337 18 51
1.0 1.9377048243313064 18 52
1.0 1.8797137099012684 18 53
1.0 1.8837130468586634 18 54
1.0 1.85771703252135 18 55
1.0 1.8757142345135143 18 56
1.0 1.8437191243289537 18 57
1.0 1.815723418994655 18 58
1.0 1.7677306901136367 18 59
1.0 1.7557325672871247 18 60
1.0 1.7397349618979712 18 61
1.0 1.7397349495094185 18 62
1.0 1.6796948920601713 18 63
1.0 1.649736050290694 18 64
1.0 1.675744772580464 18 65
1.0 1.5918154534305242 18 66
1.0 1.5797593507897085 18 67
1.0 1.5637617687750494 18 68
1.0 1.5139223422837365 18 69
1.0 1.469982726043638 18 70
1.0 1.4477794695560935 18 71
1.0 1.4297821935787731 18 72
1.0 1.362130640794118 18 73
1.0 1.4177839809666812 18 74
1.0 1.305801047472776 18 75
1.0 1.2722540115302299 18 76
1.0 1.3141964205017316 18 77
1.0 1.243810498594792 18 78
1.0 1.2498096547266955 18 79
1.0 1.24229516338844 18 80
1.0 1.203816608159846 18 81
1.0 1.1493684285655568 18 82
1.0 3.5034662905689777 19 0
1.0 3.4634724652028583 19 1
1.0 3.4294775440132867 19 2
1.0 3.4134800986923532 19 3
1.0 3.405481334660058 19 4
1.0 3.3094958423394547 19 5
1.0 3.2735013525243626 19 6
1.0 3.2675022357140295 19 7
1.0 3.26150316944615 19 8
1.0 3.2235089944475344 19 9
1.0 3.187514550367683 19 10
1.0 3.165517910966318 19 11
1.0 3.203511920628063 19 12
1.0 3.109526424005117 19 13
1.0 3.0995278199236305 19 14
1.0 3.1255239643844615 19 15
1.0 3.083530216849339 19 16
1.0 3.101527484892706 19 17
1.0 3.1055270310467167 19 18
1.0 3.171516936159704 19 19
1.0 3.125523849882464 19 20
1.0 3.097528084406973 19 21
1.0 3.0735318305512807 19 22
1.0 3.0575341324483603 19 23
1.0 3.0575341885721303 19 24
1.0 2.9895447197540097 19 25
1.0 2.9655482309577224 19 26
1.0 2.937552417348999 19 27
1.0 2.9015580204846425 19 28
1.0 2.949550685322625 19 29
1.0 2.8695629748767986 19 30
1.0 2.811571769944231 19 31
1.0 2.797573745216794 19 32
1.0 2.775577247959313 19 33
1.0 2.7775769545400526 19 34
1.0 2.7235851620908074 19 35
1.0 2.719585679901248 19 36
1.0 2.685590870897393 19 37
1.0 2.6835912342036083 19 38
1.0 2.651596112551317 19 39
1.0 2.63159910573825 19 40
1.0 2.585606150046474 19 41
1.0 2.569608593782638 19 42
1.0 2.5256153815064573 19 43
1.0 2.5036186467792274 19 44
1.0 2.463624613277154 19 45
1.0 2.4236308930523243 19 46
1.0 2.37163878742089 19 47
1.0 2.425630560255963 19 48
1.0 2.3096481713920864 19 49
1.0 2.281652360007199 19 50
1.0 2.2216614672202906 19 51
1.0 2.1876667566294556 19 52
1.0 2.151672272113469 19 53
1.0 2.11167830069006 19 54
1.0 2.0796831777883003 19 55
1.0 2.0516875380379305 19 56
1.0 2.0556868729582347 19 57
1.0 2.0156929544825535 19 58
1.0 1.9716997104517142 19 59
1.0 1.935705092836788 19 60
1.0 1.8797136342660168 19 61
1.0 1.8697151647466936 19 62
1.0 1.8317209996283306 19 63
1.0 1.7977261177932413 19 64
1.0 1.7717301192702783 19 65
1.0 1.7737297734262687 19 66
1.0 1.7717301073336644 19 67
1.0 1.6737450967840954 19 68
1.0 1.661746847613944 19 69
1.0 1.5977565857061025 19 70
1.0 1.5797593730723685 19 71
1.0 1.5717605785258484 19 72
1.0 1.5397654012028306 19 73
1.0 1.5217681651676624 19 74
1.0 1.483773963115486 19 75
1.0 1.4717758473691729 19 76
1.0 1.4377810074590247 19 77
1.0 1.4237831666655094 19 78
1.0 1.377790080498017 19 79
1.0 1.363792233459063 19 80
1.0 1.3297974966480524 19 81
1.0 1.3317971699652373 19 82
1.0 1.289803558287591 19 83
1.0 1.267806886778105 19 84
1.0 1.277805324398887 19 85
1.0 1.2123362945481995 19 86
1.0 3.4714712020168217 20 0
1.0 3.4314771924095853 20 1
1.0 3.403481655533275 20 2
1.0 3.3634877008274593 20 3
1.0 3.351489548041768 20 4
1.0 3.2994973210684027 20 5
1.0 3.26550245812641 20 6
1.0 3.243505982435655 20 7
1.0 3.2275082901682866 20 8
1.0 3.1735166259901315 20 9
1.0 3.153519745257866 20 10
1.0 3.1675174438446323 20 11
1.0 3.051535054008365 20 12
1.0 3.009541507158113 20 13
1.0 2.9955436668951125 20 14
1.0 2.95155039261264 20 15
1.0 2.925554344623509 20 16
1.0 2.8755619770379117 20 17
1.0 2.851565569763878 20 18
1.0 2.8435667573071703 20 19
1.0 2.779576566225181 20 20
1.0 2.755580208417565 20 21
1.0 2.8035730176348834 20 22
1.0 2.673592677531729 20 23
1.0 2.6495964054344623 20 24
1.0 2.6196010626124253 20 25
1.0 2.5896055727095413 20 26
1.0 2.4965737597863495 20 27
1.0 2.456628647622574 20 28
1.0 2.4266698364410706 20 29
1.0 2.420677993877638 20 30
1.0 2.3887219108919227 20 31
1.0 2.3507738639036138 20 32
1.0 2.3467793753301334 20 33
1.0 2.3487766923812448 20 34
1.0 2.2588999734571864 20 35
1.0 2.280869860768341 20 36
1.0 2.212963149606224 20 37
1.0 2.1969850448345847 20 38
1.0 2.2249466103944413 20 39
1.0 2.1670260259487897 20 40
1.0 1.9812809617676803 20 41
1.0 1.9493247957939681 20 42
1.0 1.9113769327191181 20 43
1.0 1.8953988518722378 20 44
1.0 1.871431732941987 20 45
1.0 1.8534564404934022 20 46
1.0 3.571455897167262 21 0
1.0 3.48146956645315 21 1
1.0 3.3134953213489218 21 2
1.0 3.2715016545139126 21 3
1.0 3.261503089341683 21 4
1.0 3.2115106779878855 21 5
1.0 3.1715168540894543 21 6
1.0 3.1675174809099813 21 7
1.0 3.115525417993996 21 8
1.0 3.087529588037585 21 9
1.0 3.051535258522809 21 10
1.0 3.02753872175335 21 11
1.0 3.021539664413852 21 12
1.0 2.9755466200067238 21 13
1.0 2.951550439213504 21 14
1.0 2.9035577578395615 21 15
1.0 2.8755619855792838 21 16
1.0 2.839567482774899 21 17
1.0 2.807572385815627 21 18
1.0 2.7835760351611474 21 19
1.0 2.75158075857569 21 20
1.0 2.729584313532329 21 21
1.0 2.707587459154644 21 22
1.0 2.6675937377470187 21 23
1.0 2.6315992187485824 21 24
1.0 2.607602801122136 21 25
1.0 2.58560606079049 21 26
1.0 2.6036032932447557 21 27
1.0 2.5236155564124765 21 28
1.0 2.515616722940203 21 29
1.0 2.5056183726013583 21 30
1.0 2.43562907914722 21 31
1.0 2.397634794938525 21 32
1.0 2.3836368750187047 21 33
1.0 2.312825915859949 21 34
1.0 2.2828670120447967 21 35
1.0 2.252908197549448 21 36
1.0 2.2189547558580505 21 37
1.0 2.2189549133452475 21 38
1.0 2.192990478060574 21 39
1.0 2.1270809824032995 21 40
1.0 2.123676524361812 21 41
1.0 2.073154891033831 21 42
1.0 2.0856822606761987 21 43
1.0 2.0476880958808987 21 44
1.0 2.0496878141585793 21 45
1.0 2.003694824767032 21 46
1.0 1.953702403715047 21 47
1.0 1.9213631826526085 21 48
1.0 1.889407033902183 21 49
1.0 1.8474645917016812 21 50
1.0 1.8254948467057202 21 51
1.0 1.827492071421185 21 52
1.0 1.765577026027248 21 53
1.0 1.797533198711461 21 54
1.0 1.731623652495135 21 55
1.0 1.7056592438342735 21 56
1.0 1.747601717023774 21 57
1.0 1.6617195939895455 21 58
1.0 1.6277661335369873 21 59
1.0 1.6477387159583574 21 60
1.0 1.585941953137765 21 61
1.0 3.2155101049940815 22 0
1.0 3.1795156585414497 22 1
1.0 3.1535197134196364 22 2
1.0 3.141521370021736 22 3
1.0 3.0915291913144514 22 4
1.0 3.0335379025328493 22 5
1.0 3.033537970611357 22 6
1.0 2.989544720174425 22 7
1.0 2.9535501544615346 22 8
1.0 2.9415519495896514 22 9
1.0 2.9115565275595756 22 10
1.0 2.8515657050542513 22 11
1.0 2.8295689079387674 22 12
1.0 2.807572353672176 22 13
1.0 2.781576264723283 22 14
1.0 2.7415822834228267 22 15
1.0 2.71558634402177 22 16
1.0 2.6755923562627917 22 17
1.0 2.657595137021408 22 18
1.0 2.6236003398368712 22 19
1.0 2.5936048415567967 22 20
1.0 2.5516114113397363 22 21
1.0 2.5316144797436535 22 22
1.0 2.4856212528483765 22 23
1.0 2.4756228375880145 22 24
1.0 2.3387904754322504 22 25
1.0 2.2968480209420576 22 26
1.0 2.2668890680549034 22 27
1.0 2.2209520278596253 22 28
1.0 2.1889958710315534 22 29
1.0 2.185667051524417 22 30
1.0 2.1610342902942503 22 31
1.0 2.0791466706117885 22 32
1.0 2.085682275558029 22 33
1.0 2.04918781086245 22 34
1.0 2.035689902234319 22 35
1.0 1.9876971644470662 22 36
1.0 1.959701446789753 22 37
1.0 1.903387950422958 22 38
1.0 1.8714317908753502 22 39
1.0 1.8354810356202154 22 40
1.0 1.8774235683383207 22 41
1.0 1.7695715738975561 22 42
1.0 1.7356181338108272 22 43
1.0 1.7336208577089862 22 44
1.0 1.6956729100374868 22 45
1.0 1.6577250045592724 22 46
1.0 1.6497360093421227 22 47
1.0 1.5978072224191862 22 48
1.0 1.62976338432232 22 49
1.0 3.2994974944781186 23 0
1.0 3.265502647963324 23 1
1.0 3.251504763270468 23 2
1.0 3.177515974587799 23 3
1.0 3.1435210377170093 23 4
1.0 2.1810069031715913 23 5
4.0 3.0555346322252883 24 0
1.0 2.95754937931033 24 1
1.0 2.921554883448728 24 2
4.0 2.9715474678044544 24 3
1.0 2.851565690000097 24 4
1.0 2.7915747529543316 24 5
1.0 2.8035728615118622 24 6
4.0 2.6875906836087937 24 7
4.0 2.6795917395210065 24 8
4.0 2.62759974690279 24 9
4.0 2.6156016191304023 24 10
4.0 2.5616097351477105 24 11
4.0 2.505618430780833 24 12
4.0 2.4756229565620136 24 13
4.0 2.4756228534961084 24 14
4.0 2.42763019418416 24 15
4.0 2.375638191617282 24 16
4.0 2.335644219048707 24 17
4.0 2.307648389627522 24 18
4.0 2.2848642890387034 24 19
4.0 2.235659530884285 24 20
4.0 2.2096633032221265 24 21
4.0 2.1956655449602454 24 22
4.0 2.1730178417262342 24 23
4.0 2.135674735585839 24 24
4.0 2.111102758448538 24 25
4.0 2.075683700328018 24 26
4.0 2.047190578522992 24 27
4.0 2.0232234221082157 24 28
4.0 1.9996953643103006 24 29
4.0 1.9553166262537063 24 30
4.0 1.9852755556458863 24 31
4.0 1.9133742156592544 24 32
4.0 1.9277063732766955 24 33
4.0 1.831721004725614 24 34
4.0 1.8237222133708637 24 35
4.0 1.8414728651881358 24 36
4.0 1.7695715421399327 24 37
4.0 1.753593446519646 24 38
4.0 1.7655770650461553 24 39
4.0 1.7216372819709491 24 40
4.0 1.6717453556740722 24 41
4.0 1.6117544904083916 24 42
1.0 2.7475815013840896 25 0
1.0 2.703588253383778 25 1
1.0 2.6715929282949493 25 2
4.0 4.8472617121367785 26 0
1.0 3.2395064450774416 27 0
1.0 3.203511946987631 27 1
1.0 3.2035120819167995 27 2
1.0 3.079530965069051 27 3
1.0 3.1035271849970902 27 4
1.0 3.0075418126093196 27 5
1.0 2.987544929137738 27 6
1.0 2.9515503690567026 27 7
1.0 2.9095568634222095 27 8
1.0 2.8795614507810696 27 9
1.0 2.8155711442559177 27 10
1.0 2.795574127306114 27 11
1.0 2.775577186110148 27 12
1.0 2.68159151938531 27 13
1.0 2.6715929585388807 27 14
1.0 2.615601460142042 27 15
1.0 2.603603513843403 27 16
1.0 2.535613769417767 27 17
1.0 2.495619871405489 27 18
1.0 2.471623493476543 27 19
1.0 2.4216310411337756 27 20
1.0 2.4236308569663008 27 21
1.0 2.3327985371084385 27 22
1.0 2.3028396971033036 27 23
1.0 2.2628946062356574 27 24
1.0 2.2429218547759953 27 25
1.0 2.188995853936318 27 26
1.0 2.15903709706335 27 27
1.0 2.1470534962205585 27 28
1.0 2.093127500198413 27 29
1.0 2.0611713599675108 27 30
1.0 2.025220646005497 27 31
1.0 1.9932645212867424 27 32
1.0 1.9573139291435078 27 33
1.0 1.9373413467996163 27 34
1.0 1.9033878777823579 27 35
1.0 1.8973961035668685 27 36
1.0 1.8614454870849755 27 37
1.0 1.8394756388070506 27 38
1.0 1.8075194648360309 27 39
1.0 1.809516695226284 27 40
1.0 3.7934221916711004 28 0
1.0 3.273501376970775 28 1
1.0 3.2355072373116696 28 2
1.0 3.185514652769277 28 3
1.0 2.8700613844636145 28 4
1.0 2.882044883206465 28 5
1.0 2.8061490259663984 28 6
1.0 2.7682011439655785 28 7
1.0 2.7302532542396176 28 8
1.0 2.7062860077839836 28 9
1.0 2.746231208102539 28 10
1.0 2.6303902231438805 28 11
1.0 2.616409457639613 28 12
1.0 2.5465052761297753 28 13
1.0 2.5105547024971258 28 14
1.0 2.4865875064346996 28 15
1.0 2.4466422568858115 28 16
1.0 2.408694386747751 28 17
1.0 2.338790329099377 28 18
1.0 2.3028397852262708 28 19
1.0 2.2688863278514235 28 20
1.0 2.224946660461058 28 21
1.0 2.190993258570581 28 22
1.0 2.1510479162386162 28 23
1.0 2.1310753451527584 28 24
1.0 2.1436735382226257 28 25
1.0 2.0596862404420433 28 26
1.0 2.0136932392102134 28 27
1.0 2.019228934082763 28 28
1.0 1.971294757818059 28 29
1.0 1.9073824004222948 28 30
1.0 1.837478339952033 28 31
1.0 1.8155085102053743 28 32
1.0 1.7775605502242784 28 33
1.0 1.7356181746750148 28 34
1.0 1.8037251858894543 28 35
1.0 1.6917423340239286 28 36
1.0 1.687742874587205 28 37
1.0 1.6237526870641612 28 38
1.0 1.5937572171883119 28 39
1.0 1.5598593251185426 28 40
4.0 2.7835758881856463 29 0
4.0 2.7395826700844723 29 1
4.0 2.7755772107926022 29 2
4.0 2.69558943339433 29 3
4.0 2.651596021428694 29 4
4.0 2.6196009043793564 29 5
4.0 2.627599690655668 29 6
1.0 2.96792695227052 30 0
1.0 2.89402849173993 30 1
1.0 2.8460942620800864 30 2
1.0 2.360760213420878 30 3
1.0 2.348776633124164 30 4
1.0 2.2928533357903933 30 5
1.0 2.2756533774204177 30 6
1.0 2.2229492673781226 30 7
1.0 2.179009748698244 30 8
1.0 2.145056253395772 30 9
1.0 2.0951247073874457 30 10
1.0 2.0711576882952576 30 11
1.0 2.0072454056093774 30 12
1.0 1.9892700385980853 30 13
1.0 1.9333467914781841 30 14
1.0 1.911376957684484 30 15
1.0 1.915371405044417 30 16
1.0 1.8434701036424535 30 17
1.0 1.8115140076285825 30 18
1.0 1.7875468551510338 30 19
1.0 1.7635798070814799 30 20
1.0 1.7237374189412602 30 21
1.0 1.7476016744939378 30 22
1.0 3.6534433975890535 31 0
1.0 3.5594577456335257 31 1
1.0 3.6354461392992263 32 0
1.0 3.603451125076878 32 1
1.0 3.5234632692284014 32 2
1.0 3.427477861787202 32 3
1.0 3.36148784492686 32 4
1.0 3.3394912752581747 32 5
1.0 3.287499183965687 32 6
1.0 3.251504666962987 32 7
1.0 3.225508732311353 32 8
1.0 3.1555194377941334 32 9
1.0 3.099527829537042 32 10
1.0 3.055534558409997 32 11
1.0 3.0375373219596473 32 12
1.0 2.95954916954241 32 13
1.0 2.9515503323683006 32 14
1.0 2.8735622295085634 32 15
1.0 2.8395673507602184 32 16
1.0 2.777576828412677 32 17
1.0 3.331492521001227 33 0
1.0 3.309495805294935 33 1
1.0 3.27950051879083 33 2
1.0 3.2135104840978874 33 3
1.0 3.0155405852399997 33 4
1.0 2.9555497899531886 33 5
1.0 2.9035576632641633 33 6
1.0 2.8875602361097137 33 7
1.0 2.8635637257596755 33 8
1.0 2.793574388591889 33 9
1.0 2.7735774432051987 33 10
1.0 2.7795765219110744 33 11
1.0 2.711587001826295 33 12
1.0 2.6835912487746687 33 13
1.0 2.63759825686347 33 14
1.0 2.5896054161001754 33 15
1.0 2.5476118183469487 33 16
1.0 2.535613667531534 33 17
1.0 2.497619595109935 33 18
1.0 2.453626180702583 33 19
1.0 2.415632011810369 33 20
1.0 2.403633740286766 33 21
1.0 2.369638973317567 33 22
1.0 2.29165087738978 33 23
1.0 2.299649652394777 33 24
1.0 2.245657872047106 33 25
1.0 2.20166456913261 33 26
1.0 2.2276606197884186 33 27
1.0 2.1156777957182378 33 28
1.0 2.0276912328351755 33 29
1.0 1.9812809810550527 33 30
1.0 1.9657005314675173 33 31
1.0 1.9013906660008617 33 32
1.0 1.86943447284555 33 33
1.0 1.8574509611262784 33 34
1.0 1.8457187936303208 33 35
1.0 1.769571480439109 33 36
1.0 1.7416098656388206 33 37
1.0 1.7116509720180229 33 38
1.0 1.705740137865335 33 39
1.0 1.645741466653396 33 40
1.0 1.6297634164904133 33 41
1.0 1.667745924969524 33 42
1.0 1.5798319421741476 33 43
1.0 1.5738400994448125 33 44
1.0 1.5678484031148077 33 45
1.0 1.5478757751547905 33 46
1.0 1.521911353450112 33 47
1.0 2.384727271656227 34 0
1.0 2.332798523844747 34 1
1.0 2.302839774755197 34 2
1.0 2.2569027957628096 34 3
1.0 2.234932945128079 34 4
1.0 2.227660730641588 34 5
1.0 2.137067188957317 34 6
1.0 2.1071083544891613 34 7
1.0 2.097680487046117 34 8
1.0 2.091681419038227 34 9
1.0 2.0276910852943884 34 10
1.0 2.017692701209075 34 11
1.0 2.0036948103396357 34 12
1.0 1.979698451954977 34 13
1.0 1.9277063803197925 34 14
1.0 1.8757142867843752 34 15
1.0 1.8597167086729511 34 16
1.0 1.8277215926060837 34 17
1.0 1.7837283369443542 34 18
1.0 1.7717301235538312 34 19
1.0 1.747733762525674 34 20
1.0 1.7157386773478476 34 21
1.0 1.6497359648696015 34 22
1.0 1.6657462654104658 34 23
1.0 1.5978072564155679 34 24
1.0 3.7754249857339652 35 0
1.0 3.703435762349322 35 1
1.0 3.6634419824326114 35 2
1.0 3.54346028626879 35 3
1.0 3.5114651754447714 35 4
1.0 3.475470488530264 35 5
1.0 3.431477185309933 35 6
1.0 3.385484259828201 35 7
1.0 3.3474899871402903 35 8
1.0 3.347490032084603 35 9
1.0 3.2775006443545327 35 10
1.0 3.24150618096116 35 11
1.0 3.1935135762159654 35 12
1.0 3.1815154273950705 35 13
1.0 3.1035273544789144 35 14
1.0 3.079530854538489 35 15
1.0 3.043536279372133 35 16
1.0 3.0155405579559416 35 17
1.0 3.003542548425518 35 18
1.0 2.9455513208092285 35 19
1.0 2.4316296564731386 36 0
1.0 2.3068341917257107 36 1
1.0 2.1210891282283977 36 2
1.0 2.0651658661208896 36 3
1.0 2.023223396576611 36 4
1.0 1.9732919633938806 36 5
4.0 3.2035120758906577 37 0
4.0 3.2035119679776765 37 1
4.0 3.1715169505109566 37 2
4.0 3.103527228745242 37 3
4.0 3.00354254280075 37 4
4.0 2.923554702983118 37 5
4.0 2.957549517393292 37 6
4.0 2.875562064034626 37 7
4.0 2.8035729094052737 37 8
4.0 2.803573000867361 37 9
4.0 2.703588266726085 37 10
4.0 2.659594982415764 37 11
4.0 2.6735928094478285 37 12
4.0 2.6236003799087055 37 13
4.0 2.567608795572712 37 14
4.0 2.5016189554520327 37 15
4.0 2.4596253874062217 37 16
4.0 2.429629791092821 37 17
4.0 2.3816371983383053 37 18
4.0 2.4216310859309274 37 19
4.0 2.3096481192769023 37 20
4.0 2.3456426344520867 37 21
4.0 2.2416586207182236 37 22
4.0 2.183667307587166 37 23
4.0 2.1436735207492936 37 24
4.0 2.117677312196277 37 25
4.0 2.065685343216678 37 26
4.0 2.0776834845711774 37 27
4.0 2.0196923732274423 37 28
4.0 1.991696632374202 37 29
4.0 1.9856975658667906 37 30
4.0 1.9117087675890023 37 31
4.0 1.9097090550574043 37 32
4.0 1.813723752306113 37 33
4.0 1.8737145711142518 37 34
4.0 1.7697304546433847 37 35
4.0 1.7617316878907407 37 36
4.0 1.7557325933688728 37 37
4.0 1.7117392571232388 37 38
4.0 1.627752057380957 37 39
4.0 1.6137541564318776 37 40
4.0 1.587758172694247 37 41
4.0 1.533766316062479 37 42
4.0 1.5337663114845808 37 43
4.0 1.5297669732543382 37 44
4.0 1.4437800765442959 37 45
4.0 1.40378618878059 37 46
4.0 1.348847634572949 37 47
4.0 1.385594392501951 37 48
4.0 1.5241779428571165 38 0
4.0 1.5480865904586996 38 1
4.0 1.4484670530485362 38 2
4.0 1.4046345111108942 38 3
4.0 1.4077855815912141 38 4
4.0 1.3617925905361574 38 5
4.0 1.2482869564673966 38 6
4.0 1.2492281115020893 38 7
4.0 1.1894564435843873 38 8
4.0 1.153593424430632 38 9
4.0 1.1056964018775144 38 10
1.0 2.931553500180505 39 0
1.0 2.811571741744111 39 1
1.0 2.7315839211484367 39 2
1.0 2.7195857747132157 39 3
1.0 2.665594031685123 39 4
1.0 2.62759974315267 39 5
1.0 2.5796070095279764 39 6
1.0 2.5236156304263186 39 7
1.0 2.4536262470312296 39 8
1.0 2.4356289130806363 39 9
1.0 2.3696390082088703 39 10
1.0 2.3176469094636674 39 11
1.0 2.238927451182409 39 12
1.0 2.2628945442361217 39 13
1.0 2.1909931556732745 39 14
1.0 2.139064446480089 39 15
1.0 2.1091055957960174 39 16
1.0 2.0591740335272526 39 17
1.0 2.0451932698546282 39 18
1.0 2.0032508882338886 39 19
1.0 1.9593111422890321 39 20
1.0 6.922945663558031 40 0
1.0 6.922945491185056 40 1
1.0 3.4594729558729282 40 2
1.0 3.3794853176524198 40 3
1.0 3.329492873846046 40 4
1.0 3.2894990136260183 40 5
1.0 3.2475052981801706 40 6
1.0 3.1835151179642147 40 7
1.0 3.201512203924341 40 8
1.0 3.0975282075105404 40 9
1.0 3.059533889295399 40 10
1.0 2.9395522962325775 40 11
1.0 2.897558604832168 40 12
1.0 2.8435667480679356 40 13
1.0 2.8035728945804914 40 14
1.0 2.763578961742785 40 15
1.0 2.7115869091982634 40 16
1.0 2.6655939780053743 40 17
1.0 2.643597346219294 40 18
1.0 2.581606757128676 40 19
1.0 2.523615620779394 40 20
1.0 2.4876209833329805 40 21
1.0 2.4456275326611054 40 22
1.0 2.3876362133393867 40 23
1.0 2.34364293387747 40 24
1.0 2.317646883497421 40 25
1.0 2.2496572827433017 40 26
1.0 2.1976653018768344 40 27
1.0 2.165670210399929 40 28
1.0 2.12167689513643 40 29
1.0 2.0856822898138656 40 30
1.0 2.0336902684767018 40 31
1.0 2.0336901633123645 40 32
1.0 1.9577017588210013 40 33
1.0 1.9337054410700079 40 34
1.0 1.885712795501584 40 35
1.0 1.8677155415193527 40 36
1.0 1.7957264339831953 40 37
1.0 1.7795578222766393 40 38
1.0 1.7456044380438014 40 39
1.0 1.747601709115144 40 40
1.0 1.6277661007746795 40 41
1.0 1.6137541863596894 40 42
1.0 1.5558648312597483 40 43
1.0 1.555762982134071 40 44
1.0 1.501771188530724 40 45
1.0 1.4677764082370508 40 46
1.0 1.425782825683781 40 47
1.0 1.4077855640470933 40 48
3.0 3.473470824680621 41 0
4.0 3.4754706428504707 41 1
4.0 3.3614880276271872 41 2
2.0 3.277500725946501 41 3
4.0 3.235507112136639 41 4
4.0 3.2035119588750023 41 5
4.0 3.0755315663284257 41 6
4.0 3.00354253979381 41 7
4.0 2.889559839778713 41 8
4.0 2.8135714415650717 41 9
4.0 2.8035729982229607 41 10
4.0 2.731583822652565 41 11
4.0 2.745581725606131 41 12
4.0 2.633598737426498 41 13
4.0 2.5816066670853255 41 14
4.0 2.5516113015589634 41 15
4.0 2.533613999456217 41 16
4.0 2.497619437467984 41 17
4.0 2.4436277008412537 41 18
4.0 2.3896361099175367 41 19
4.0 2.3696390451931504 41 20
4.0 2.351641837608283 41 21
4.0 2.31764688960528 41 22
4.0 2.3056487040123934 41 23
4.0 2.2216615304902465 41 24
4.0 2.273653579040477 41 25
4.0 2.1456731399443725 41 26
4.0 3.2015124186978934 42 0
4.0 3.2035120311161265 42 1
4.0 3.163518062088765 42 2
4.0 3.1455209093447625 42 3
1.0 3.1195247360823086 42 4
1.0 3.069532309983845 42 5
1.0 3.0475357909849334 42 6
1.0 3.0115413375935782 42 7
4.0 2.957549533424434 42 8
4.0 2.911556444580358 42 9
4.0 2.8755620471362455 42 10
4.0 2.8655635384647513 42 11
1.0 2.841567254265173 42 12
4.0 2.651596137709114 42 13
4.0 2.6256001375860145 42 14
4.0 2.5636095679696878 42 15
1.0 2.5776072308922338 43 0
1.0 2.499619322681645 43 1
1.0 2.4656244857822056 43 2
1.0 2.4136324044635 43 3
1.0 2.3736384195671785 43 4
1.0 2.4016342489410225 43 5
1.0 2.2796527757423353 43 6
1.0 2.241658614603741 43 7
1.0 2.24691642814606 43 8
1.0 2.1476728798299973 43 9
1.0 2.095680749606513 43 10
1.0 2.0431960690250093 43 11
1.0 2.0056945052927544 43 12
1.0 1.975698987841899 43 13
1.0 2.0016951077966603 43 14
1.0 1.90371003218157 43 15
1.0 1.8857127206611493 43 16
1.0 1.829721247213213 43 17
1.0 1.7957264686922554 43 18
1.0 1.7377352641364063 43 19
1.0 1.7177383957436263 43 20
1.0 1.6617468855635646 43 21
1.0 1.6377505724082633 43 22
1.0 3.3114955065292437 44 0
1.0 3.301496973375886 44 1
1.0 3.209511193864993 44 2
1.0 3.147520530508267 44 3
1.0 3.113525663898669 44 4
1.0 3.101527621552389 44 5
1.0 2.955549789789354 44 6
1.0 2.9155559843901164 44 7
1.0 2.923554658023874 44 8
1.0 2.7995735027933533 44 9
1.0 2.769578040132962 44 10
1.0 2.3196465647713818 44 11
1.0 2.256902664369185 44 12
1.0 2.244919290393651 44 13
1.0 2.171020555739625 44 14
1.0 2.0991192508813956 44 15
1.0 2.0631685764328105 44 16
1.0 2.0252207399685114 44 17
1.0 1.9692974384655633 44 18
1.0 1.9613083463452803 44 19
1.0 1.8953988362839698 44 20
1.0 1.849461860700143 44 21
1.0 1.8414728925323145 44 22
1.0 1.7895440880796236 44 23
1.0 1.7655769868667106 44 24
1.0 1.7456044377593734 44 25
1.0 1.6637168524925856 44 26
1.0 1.6437442243885796 44 27
1.0 3.7494287429770834 45 0
1.0 3.3974825407423443 45 1
1.0 2.358762996577404 45 2
1.0 2.262894494943717 45 3
1.0 3.4374762789859576 46 0
1.0 3.425478126572057 46 1
1.0 3.3374914973489056 46 2
1.0 3.2775007618946246 46 3
1.0 3.2455056107219518 46 4
1.0 3.20551180974412 46 5
1.0 3.141521536919759 46 6
1.0 3.1035272353251724 46 7
1.0 3.049535480739677 46 8
1.0 3.0055421490866436 46 9
1.0 2.8875601763110437 46 10
1.0 2.3887218429145722 46 11
1.0 2.370746517678872 46 12
1.0 2.326806823289162 46 13
1.0 2.2768754203413746 46 14
1.0 2.2029767933488342 46 15
1.0 2.1091055452304754 46 16
1.0 2.047190567819932 46 17
1.0 2.005248106663279 46 18
1.0 1.9692974147185358 46 19
1.0 1.9253576840580606 46 20
1.0 1.8794207952843462 46 21
1.0 1.8514591552428805 46 22
1.0 3.7734252183452033 47 0
1.0 3.6254478219768353 47 1
1.0 3.5914528789756877 47 2
1.0 3.5174641905325132 47 3
1.0 3.4954676024616806 47 4
1.0 3.457473225120989 47 5
1.0 3.2535043368418304 47 6
1.0 3.213510426185795 47 7
1.0 3.1575189041201686 47 8
1.0 3.125523974892386 47 9
1.0 3.067532612783416 47 10
1.0 3.0255390599706247 47 11
1.0 2.9715473805272548 47 12
1.0 2.947550996173967 47 13
1.0 2.8815610938110434 47 14
1.0 2.5664779938143214 47 15
1.0 2.4766013155446647 47 16
1.0 2.4566286948288365 47 17
1.0 2.414686247230891 47 18
1.0 2.360760256859057 47 19
1.0 2.3447821363330275 47 20
1.0 2.2808699256780907 47 21
1.0 2.266889084067311 47 22
1.0 2.2948506399881965 47 23
1.0 2.1969850661677426 47 24
1.0 2.1390644830414245 47 25
1.0 2.1176773809815903 47 26
1.0 2.0616859791091993 47 27
1.0 2.0336901801766754 47 28
1.0 2.001695127077829 47 29
1.0 1.953702362545019 47 30
1.0 1.9277063607194447 47 31
1.0 1.8754263208267725 47 32
1.0 1.8457188172127696 47 33
1.0 1.807724674118207 47 34
1.0 1.7537328517217499 47 35
1.0 1.7016647220030712 47 36
1.0 1.699741133682388 47 37
1.0 1.7297365139476077 47 38
1.0 1.6237716313497381 47 39
1.0 1.5937571827704513 47 40
1.0 1.6177798675215764 47 41
1.0 2.650362884113946 48 0
1.0 2.3128259302201113 48 1
1.0 2.2628946545133615 48 2
1.0 2.224946536110169 48 3
1.0 2.1390644391237985 48 4
4.0 2.8015732305245984 49 0
4.0 2.7795765115955224 49 1
4.0 2.7395827156678005 49 2
4.0 2.7175860062122714 49 3
4.0 2.6415976674554837 49 4
4.0 2.5856061420154974 49 5
4.0 2.5356136844341184 49 6
4.0 2.4796222656934956 49 7
4.0 2.435629011919445 49 8
4.0 2.4016342388204293 49 9
4.0 2.3616402790948143 49 10
4.0 2.321646386559854 49 11
4.0 2.2616554153663784 49 12
4.0 2.1956655898035233 49 13
4.0 2.1536719728966327 49 14
4.0 2.097680529824055 49 15
4.0 2.073684238095905 49 16
4.0 2.0396893226621944 49 17
4.0 2.0076942206642454 49 18
4.0 1.9237069585569104 49 19
4.0 1.8717148521637683 49 20
4.0 1.8737146109244938 49 21
4.0 1.8077245839807823 49 22
4.0 1.7517331968712861 49 23
4.0 1.7657309938107482 49 24
4.0 1.6697457100690076 49 25
4.0 1.6577475222342342 49 26
4.0 1.6017560434974698 49 27
4.0 5.793117624854941 50 0
4.0 5.749124156634233 50 1
4.0 5.669136205528643 50 2
4.0 5.603146340793821 50 3
1.0 2.7841790673346463 51 0
1.0 2.732250329041588 51 1
1.0 2.699588796007593 51 2
1.0 2.645597025942952 51 3
1.0 2.613601894099169 51 4
1.0 2.559610093822501 51 5
1.0 2.5096176337346168 51 6
1.0 2.44562745112407 51 7
1.0 2.4096329368508815 51 8
1.0 2.33964355956995 51 9
1.0 2.313647488235983 51 10
1.0 2.2309383719836027 51 11
1.0 2.196984870207919 51 12
1.0 2.1470535641003554 51 13
1.0 2.1111028805304564 51 14
1.0 2.111932712227971 51 15
1.0 2.0322371259851773 51 16
1.0 2.002351316620787 51 17
1.0 1.961308425441148 51 18
1.0 1.9453302790819156 51 19
1.0 3.517464214204547 52 0
1.0 3.4694714812690646 52 1
1.0 3.4094806464883813 52 2
1.0 3.1436857219602543 52 3
1.0 3.0078722121597554 52 4
1.0 2.91755567673562 52 5
1.0 2.801573290532061 53 0
1.0 1.8734289497373322 54 0
1.0 1.8857127757266294 54 1
1.0 1.7975331175981923 54 2
1.0 1.7735660583609874 54 3
1.0 1.745604404650303 54 4
1.0 1.6996675043604947 54 5
1.0 1.6657140511495674 54 6
1.0 1.6217743723780413 54 7
1.0 1.5798318951359718 54 8
1.0 1.5421093731281155 54 9
1.0 3.6474443699104127 55 0
1.0 3.531461947703639 55 1
1.0 3.4574733730900067 55 2
1.0 2.3447820617970105 55 3
1.0 2.3787355025184747 56 0
1.0 2.3228123713756332 56 1
1.0 2.2708835985927665 56 2
1.0 2.224946577541337 56 3
1.0 2.2336597698640914 56 4
1.0 2.161670710111433 56 5
1.0 2.133674918890622 56 6
1.0 2.097680438339181 56 7
1.0 2.04968773398859 56 8
1.0 2.0256914256905807 56 9
1.0 1.9816980852206891 56 10
1.0 1.9297060003921693 56 11
1.0 1.8837131185204117 56 12
1.0 1.8175057492851345 56 13
1.0 1.7855496570939076 56 14
1.0 1.745604406291726 56 15
1.0 1.6916784004121 56 16
1.0 1.6577250085403288 56 17
1.0 1.7497334338561694 56 18
1.0 1.6537481316034306 56 19
1.0 1.61775361837823 56 20
1.0 3.4434755479647357 57 0
1.0 3.113525616688831 57 1
1.0 3.0655331122380396 57 2
1.0 3.001542807406441 57 3
1.0 2.953550206448286 57 4
1.0 2.909556676274231 57 5
1.0 2.877561642444798 57 6
1.0 2.8255695035771997 57 7
1.0 2.7615794022915843 57 8
1.0 2.71358653512816 57 9
1.0 2.7295842659178233 57 10
1.0 2.5896054282243868 57 11
1.0 2.487621101988032 57 12
1.0 2.307648580270419 57 13
1.0 2.247657523548784 57 14
1.0 2.147672748235826 57 15
1.0 2.0896815901191674 57 16
1.0 2.0516875260100673 57 17
1.0 2.007694201941443 57 18
1.0 1.9617011422433768 57 19
1.0 1.9453303833733562 57 20
1.0 1.8494619285406184 57 21
1.0 1.8457189081849856 57 22
1.0 1.8117239952570716 57 23
1.0 1.743607137937638 57 24
1.0 1.7317362553131854 57 25
1.0 1.713648240448598 57 26
1.0 1.6677459900695162 57 27
1.0 1.645741455659621 57 28
1.0 1.6457414977412863 57 29
1.0 1.5978072785189221 57 30
1.0 3.5254629238269812 58 0
1.0 3.4754706793438785 58 1
1.0 3.4494745662017072 58 2
1.0 3.2575037835372695 58 3
1.0 3.19351347108571 58 4
1.0 2.9975434911732703 58 5
1.0 2.945551359401224 58 6
1.0 2.893559257830603 58 7
1.0 2.8315687545239134 58 8
1.0 2.8415670553296586 58 9
1.0 2.759579704740461 58 10
1.0 2.7335836512726406 58 11
1.0 2.689590355468266 58 12
1.0 2.657595202002803 58 13
1.0 2.591605163003575 58 14
1.0 2.5416129464112776 58 15
1.0 2.4956198928135915 58 16
1.0 2.471623388189504 58 17
1.0 2.349642034312791 58 18
1.0 2.2389275158170077 58 19
1.0 2.2249465495543914 58 20
1.0 2.1816677822677675 58 21
1.0 2.1596710597563478 58 22
1.0 2.113678050016997 58 23
1.0 2.0756838112505953 58 24
1.0 2.0451933517381313 58 25
1.0 1.9473275399978258 58 26
1.0 1.9233604942433042 58 27
1.0 1.8937115125772577 58 28
1.0 1.8075194337310392 58 29
1.0 1.785728009043763 58 30
1.0 1.801725587736255 58 31
1.0 1.7217377403964165 58 32
1.0 1.6877429247144997 58 33
1.0 1.6597472210436564 58 34
1.0 1.5838263981478014 58 35
1.0 1.5458785485039646 58 36
1.0 1.5079305959573532 58 37
1.0 1.545878535265086 58 38
1.0 1.4480128278939537 58 39
1.0 1.4106117014422874 58 40
1.0 1.3721170109055418 58 41
3.0 3.5254629804031423 59 0
1.0 3.3794851496248466 59 1
3.0 3.345490333137414 59 2
3.0 3.2994973385454616 59 3
3.0 3.279500503487845 59 4
3.0 3.241506261027901 59 5
3.0 3.173516680635629 59 6
3.0 3.1275234807560173 59 7
3.0 3.0555344821665575 59 8
3.0 3.0535348452406796 59 9
3.0 3.003542489460712 59 10
3.0 2.933553230215371 59 11
3.0 2.893559268412864 59 12
3.0 2.849565990185175 59 13
3.0 2.801573343904892 59 14
3.0 2.773577412524403 59 15
3.0 2.6575950923079352 59 16
3.0 2.2549053890707405 59 17
3.0 2.29285342449982 59 18
3.0 2.221661566272395 59 19
3.0 2.1736689358021093 59 20
3.0 2.1170945930166196 59 21
3.0 2.0891330365290863 59 22
3.0 2.035206931811456 59 23
3.0 1.9932645111396463 59 24
2.0 3.9114042841096 60 0
2.0 3.867410799143641 60 1
2.0 3.8314164603588625 60 2
2.0 3.7794243606684117 60 3
2.0 3.6714406329805915 60 4
2.0 3.5554583633549246 60 5
2.0 3.5214636791440492 60 6
2.0 3.483469284472699 60 7
2.0 3.441475741340263 60 8
2.0 3.3794851283709915 60 9
2.0 3.3414910976408736 60 10
4.0 5.059229466438983 61 0
4.0 4.989239888267666 61 1
4.0 4.9672431055811215 61 2
