-1.084354361829643 1.4708895697069535 2  1111
0.8810297102623438 3.08964636311698 1  1111
-1.1300932028048822 2.964281136148128 1  1111
-1.2223991697181882 4.4762547661479735 0  1111
0.7854160979306041 4.586394705493278 3  1111
-1.5743505739913204 7.080920090799428 0  1111
-0.9584057376329248 6.327283176318119 0  1111
-1.1929606600884386 7.432871990837708 0  1111
1.1123472244278232 6.053531683048959 3  1111
-0.11037726647037747 8.031410924775733 3  1111
0.48191726316935335 7.000633738302404 3  1111
-2.648860491034345 9.170359911663533 0  1111
1.8899250195857327 11.529234666055356 3  1111
-0.676166191986108 9.029658804300894 3  1111
-2.146406948895768 8.117978518301202 0  1111
0.5155267844370467 11.417800100723788 0  1111
-0.4494879297638128 10.528371488739612 3  1111
-2.5213491572989324 10.681399618195204 0  1111
-1.9249096424349665 11.735475998969136 0  1111
-1.3250077480003624 12.823364251124964 0  1111
-0.7451913607362011 13.881865121601457 0  1111
0.26543156076849456 13.892234833327084 0  1111
1.7741304672119345 13.439375216195515 0  1111
3.1215282415915793 12.75994400072786 0  1111
3.0178324885291814 10.56093643366838 3  1111
4.414334221326629 12.048392924014527 0  1111
4.186780120635712 8.144937111337962 3  1111
5.482481862078683 10.943231799880918 0  1111
5.772533366293803 9.743920311557169 0  1111
4.1411250920815865 9.472280543022721 3  1111
5.931259926089861 8.584976585081254 0  1111
5.968575514197938 7.425549495312179 0  1111
5.085301641208437 6.734566394812382 0  1111
5.895109729708774 5.746336730386888 0  1111
6.880437834343018 6.960636591006676 0  1111
4.99873889285612 4.5008554332271 0  1111
3.9931127453095803 5.086495542746679 0  1111
2.032056207775049 6.750616073254321 3  1111
3.5226817238029446 6.997349006821796 3  1111
-0.032434386157651346 5.130631947041564 0  1111
-4.816000829947031 8.91689397616489 0  1111
-1.750145310419237 9.856497045797733 3  1111
-3.722699717004185 10.157339014754395 3  1111
-3.914279451831042 8.099159843758882 0  1111
-5.77849685840908 9.700536527045047 0  1111
-6.670830155335268 10.433067379550332 0  1111
-6.495043477199141 11.572959308985732 0  1111
-6.496726731369935 13.033463656351765 0  1111
-5.899694928068596 14.310543481899712 0  1111
-3.5924489272223794 13.86273518864753 3  1111
-0.9452627417530062 15.501631143753704 3  1111
-3.889215804294389 15.627955087403704 0  1111
-2.706473418485596 15.849383909135767 0  1111
-3.056088033078712 16.814786901967732 0  1111
-4.701529220723752 16.748215862207864 0  1111
-3.3070491486157665 18.81088354659626 0  1111
-4.241790196259312 17.829029897660327 0  1111
-2.3094684765792692 18.479134492643926 0  1111
-0.7881640533494954 18.09635765306364 0  1111
0.6284697673123121 17.513635745918616 2  1111
1.955276044478311 16.810571744107143 1  1111
2.4602656868941035 14.285440332132474 3  1111
