0.0832974910736084 3 1 100
0.0748445987701416 3 2 100
0.10215210914611816 3 3 100
0.10802245140075684 3 4 100
0.08504056930541992 3 5 100
0.14478111267089844 3 6 100
0.09178423881530762 3 7 100
0.09830689430236816 3 8 100
0.09087586402893066 3 9 100
0.09626173973083496 3 10 100
0.09460115432739258 3 11 100
0.15954971313476562 3 12 100
0.13489103317260742 3 13 100
0.11640143394470215 3 14 100
0.10652542114257812 3 15 100
0.13466525077819824 3 16 100
0.1613783836364746 3 17 100
0.11699867248535156 3 18 100
0.10521078109741211 3 19 100
0.12478375434875488 3 20 100
0.15001273155212402 3 21 100
0.11452364921569824 3 22 100
0.11883187294006348 3 23 100
0.13409042358398438 3 24 100
0.10708022117614746 3 25 100
0.16546893119812012 3 26 100
0.11046409606933594 3 27 100
0.1509230136871338 3 28 100
0.14043045043945312 3 29 100
0.15954995155334473 3 30 100
0.1140899658203125 3 31 100
0.1495203971862793 3 32 100
0.11592888832092285 3 33 100
0.19700837135314941 3 34 100
0.12758636474609375 3 35 100
0.14602231979370117 3 36 100
0.1282491683959961 3 37 100
0.12424778938293457 3 38 100
0.127166748046875 3 39 100
0.15740227699279785 3 40 100
0.19998669624328613 4 41 100
0.1333925724029541 4 42 100
0.16959500312805176 4 43 100
0.13963103294372559 4 44 100
0.20061254501342773 4 45 100
0.15163636207580566 4 46 100
0.1577620506286621 4 47 100
0.196730375289917 4 48 100
0.165130615234375 4 49 100
0.19132065773010254 4 50 100
0.20211315155029297 4 51 100
0.16484737396240234 4 52 100
0.21591615676879883 4 53 100
0.19162368774414062 4 54 100
0.22086691856384277 4 55 100
0.15744757652282715 4 56 100
0.18413925170898438 4 57 100
0.17574524879455566 4 58 100
0.26072072982788086 4 59 100
0.20488357543945312 4 60 100
0.21667838096618652 4 61 100
0.21413493156433105 4 62 100
0.1750631332397461 4 63 100
0.16914987564086914 4 64 100
0.18297839164733887 5 65 100
0.17746639251708984 5 66 100
0.2665860652923584 5 67 100
0.1783301830291748 5 68 100
0.19779753684997559 5 69 100
0.18070769309997559 5 70 100
0.19853615760803223 5 71 100
0.2176218032836914 5 72 100
0.21035408973693848 5 73 100
0.2120964527130127 5 74 100
0.014740705490112305 5 75 100
0.1840074062347412 6 76 100
0.2603495121002197 6 77 100
0.22214841842651367 6 78 100
0.19504666328430176 6 79 100
0.18116283416748047 6 80 100
0.21043181419372559 6 81 100
0.24651670455932617 6 82 100
0.21999335289001465 6 83 100
0.28740453720092773 6 84 100
0.20006084442138672 6 85 100
0.2845113277435303 6 86 100
0.22617077827453613 6 87 100
0.23958420753479004 6 88 100
0.20221519470214844 6 89 100
0.2294752597808838 7 90 100
0.24018144607543945 7 91 100
0.24217605590820312 7 92 100
0.20883989334106445 7 93 100
0.21697068214416504 8 94 100
0.28144025802612305 8 95 100
0.23723649978637695 8 96 100
0.2629075050354004 8 97 100
0.2431013584136963 8 98 100
0.31023144721984863 8 99 100
0.22949790954589844 8 100 100
0.33628368377685547 8 101 100
0.2622966766357422 8 102 100
0.2743194103240967 9 103 100
0.27734827995300293 9 104 100
0.27558445930480957 9 105 100
0.2806236743927002 9 106 100
0.32256245613098145 9 107 100
0.35486698150634766 9 108 100
0.26293349266052246 9 109 100
0.31362175941467285 9 110 100
0.2580115795135498 9 111 100
0.3389475345611572 9 112 100
0.2630484104156494 9 113 100
0.2814052104949951 9 114 100
0.28533291816711426 9 115 100
0.28219103813171387 9 116 100
0.33118104934692383 9 117 100
0.25186872482299805 9 118 100
0.34808826446533203 9 119 100
0.29651975631713867 9 120 100
0.2921140193939209 9 121 100
0.38607096672058105 10 122 100
0.28504323959350586 11 123 100
0.3578360080718994 11 124 100
0.31171751022338867 11 125 100
0.27901458740234375 11 126 100
0.3991661071777344 11 127 100
0.2742323875427246 11 128 100
0.3724484443664551 11 129 100
0.2970268726348877 11 130 100
0.31371331214904785 11 131 100
0.3669767379760742 11 132 100
0.3538351058959961 11 133 100
0.3034985065460205 11 134 100
0.41409778594970703 11 135 100
0.326096773147583 11 136 100
0.30782437324523926 11 137 100
0.35618066787719727 11 138 100
0.3166372776031494 11 139 100
0.29830241203308105 11 140 100
0.3867216110229492 11 141 100
0.317638635635376 11 142 100
0.318314790725708 11 143 100
0.38558363914489746 11 144 100
0.33043336868286133 11 145 100
0.3149745464324951 11 146 100
0.38899731636047363 11 147 100
0.30930018424987793 11 148 100
0.3113389015197754 11 149 100
0.3759889602661133 12 150 100
0.3938295841217041 12 151 100
0.3134472370147705 12 152 100
0.403684139251709 13 153 100
0.4006340503692627 13 154 100
0.33864331245422363 14 155 100
0.3115355968475342 14 156 100
0.40208983421325684 14 157 100
0.47547340393066406 15 158 100
0.33710813522338867 15 159 100
0.38441014289855957 15 160 100
0.41112565994262695 15 161 100
0.45362234115600586 15 162 100
0.45041465759277344 15 163 100
0.34828853607177734 15 164 100
0.3323488235473633 15 165 100
0.4384317398071289 15 166 100
0.4364659786224365 15 167 100
0.4616241455078125 15 168 100
0.39376330375671387 15 169 100
0.4093198776245117 15 170 100
0.44118332862854004 15 171 100
0.4963645935058594 16 172 100
0.5151543617248535 16 173 100
0.4237847328186035 16 174 100
0.4023621082305908 16 175 100
0.44359612464904785 16 176 100
0.4882185459136963 16 177 100
0.47727417945861816 16 178 100
0.5029480457305908 16 179 100
0.5834040641784668 16 180 100
0.43398475646972656 16 181 100
0.403322696685791 16 182 100
0.40448856353759766 16 183 100
0.46024489402770996 16 184 100
0.4735546112060547 16 185 100
0.4953439235687256 17 186 100
0.47342467308044434 17 187 100
0.500004768371582 17 188 100
0.499051570892334 17 189 100
0.4455084800720215 17 190 100
0.42987775802612305 17 191 100
0.44544172286987305 17 192 100
0.4542398452758789 17 193 100
0.5577003955841064 17 194 100
0.5058813095092773 17 195 100
0.5461137294769287 17 196 100
0.5275669097900391 17 197 100
0.5468106269836426 17 198 100
0.5026547908782959 17 199 100
0.5204565525054932 17 200 100
0.5508286952972412 17 201 100
0.5865235328674316 17 202 100
0.5318670272827148 17 203 100
0.578944206237793 17 204 100
0.46074938774108887 17 205 100
0.4499814510345459 17 206 100
0.45677852630615234 17 207 100
0.4583292007446289 17 208 100
0.45525193214416504 17 209 100
0.46278905868530273 17 210 100
0.48459911346435547 17 211 100
0.5246222019195557 17 212 100
0.5641109943389893 18 213 100
0.5490841865539551 18 214 100
0.5465013980865479 18 215 100
0.5333893299102783 18 216 100
0.6142160892486572 18 217 100
0.551579475402832 18 218 100
0.5547099113464355 18 219 100
0.547889232635498 18 220 100
0.550755500793457 18 221 100
0.5695126056671143 18 222 100
0.5698699951171875 18 223 100
0.5559053421020508 18 224 100
0.5562264919281006 18 225 100
0.5567705631256104 18 226 100
0.5650472640991211 18 227 100
0.5376474857330322 18 228 100
0.49925899505615234 19 229 100
0.5030808448791504 19 230 100
0.5648260116577148 19 231 100
0.49247264862060547 19 232 100
0.4810490608215332 19 233 100
0.47668933868408203 19 234 100
0.47448015213012695 19 235 100
0.5085828304290771 19 236 100
0.5622975826263428 19 237 100
0.5467643737792969 19 238 100
0.5968406200408936 19 239 100
0.6047167778015137 19 240 100
0.593942403793335 19 241 100
0.5891392230987549 19 242 100
0.5836913585662842 19 243 100
0.6009881496429443 19 244 100
0.5995309352874756 19 245 100
0.621107816696167 19 246 100
0.5262012481689453 19 247 100
0.5572154521942139 19 248 100
0.5342893600463867 19 249 100
0.5329782962799072 19 250 100
0.6165156364440918 19 251 100
0.634390115737915 19 252 100
0.6521134376525879 19 253 100
0.6517119407653809 19 254 100
0.6357522010803223 19 255 100
0.632512092590332 20 256 100
0.5622081756591797 20 257 100
0.5890531539916992 20 258 100
0.6928904056549072 20 259 100
0.7659618854522705 20 260 100
0.7045457363128662 20 261 100
0.644660472869873 20 262 100
0.6569018363952637 20 263 100
0.6185545921325684 20 264 100
0.6878681182861328 20 265 100
0.6828327178955078 20 266 100
0.657221794128418 20 267 100
0.6771864891052246 20 268 100
0.5947790145874023 20 269 100
0.6900482177734375 20 270 100
0.6689355373382568 20 271 100
0.6775088310241699 20 272 100
0.7477016448974609 20 273 100
0.59246826171875 20 274 100
0.6968162059783936 20 275 100
0.6982767581939697 20 276 100
0.6960325241088867 20 277 100
0.6078307628631592 20 278 100
0.7265565395355225 20 279 100
0.764070987701416 20 280 100
0.6945226192474365 20 281 100
0.6006362438201904 20 282 100
0.7108700275421143 20 283 100
0.692986249923706 20 284 100
0.6725888252258301 20 285 100
0.7842597961425781 20 286 100
0.720120906829834 20 287 100
0.6834008693695068 20 288 100
0.7391304969787598 20 289 100
0.7552430629730225 20 290 100
0.6783854961395264 20 291 100
0.7072322368621826 20 292 100
0.6988182067871094 20 293 100
0.696357011795044 20 294 100
0.7380666732788086 20 295 100
0.7642321586608887 20 296 100
0.7028398513793945 20 297 100
0.7065467834472656 20 298 100
0.7089090347290039 20 299 100
0.7342422008514404 20 300 100
0.7380530834197998 20 301 100
0.7336852550506592 20 302 100
0.7515907287597656 21 303 100
0.7656650543212891 21 304 100
0.750373125076294 21 305 100
0.811093807220459 21 306 100
0.7596845626831055 21 307 100
0.7720828056335449 21 308 100
0.7718091011047363 21 309 100
0.7837100028991699 21 310 100
0.7999296188354492 21 311 100
0.8461365699768066 22 312 100
0.8681831359863281 22 313 100
0.816213846206665 22 314 100
0.774855375289917 22 315 100
0.8900392055511475 22 316 100
0.8084619045257568 22 317 100
0.9036562442779541 22 318 100
0.8111777305603027 22 319 100
0.8665256500244141 22 320 100
0.8346676826477051 22 321 100
0.8885579109191895 22 322 100
0.8742256164550781 22 323 100
0.8843696117401123 22 324 100
0.8932435512542725 22 325 100
0.8894946575164795 22 326 100
0.9092164039611816 22 327 100
0.9232950210571289 22 328 100
0.8062660694122314 22 329 100
0.9138388633728027 22 330 100
0.9141318798065186 22 331 100
0.9408762454986572 22 332 100
0.8931312561035156 22 333 100
0.8391213417053223 22 334 100
0.9017081260681152 22 335 100
0.9544613361358643 22 336 100
0.9138586521148682 22 337 100
0.9738755226135254 22 338 100
0.9364984035491943 22 339 100
0.9233174324035645 22 340 100
0.927635908126831 22 341 100
0.911754846572876 22 342 100
0.9217326641082764 22 343 100
0.9261331558227539 22 344 100
0.960219144821167 22 345 100
0.9325134754180908 22 346 100
0.9052610397338867 22 347 100
0.902432918548584 22 348 100
0.8952500820159912 22 349 100
0.9221255779266357 22 350 100
0.9012248516082764 22 351 100
0.9548633098602295 22 352 100
0.9481456279754639 22 353 100
0.9254109859466553 22 354 100
0.9182782173156738 22 355 100
0.9574260711669922 23 356 100
0.9387814998626709 23 357 100
0.9600205421447754 23 358 100
0.8646481037139893 23 359 100
0.9384872913360596 23 360 100
0.9486520290374756 23 361 100
0.9599285125732422 23 362 100
0.940565824508667 23 363 100
0.8890342712402344 23 364 100
0.951183557510376 23 365 100
0.9789705276489258 23 366 100
0.9468824863433838 23 367 100
0.9787447452545166 23 368 100
0.9640285968780518 23 369 100
1.0006232261657715 23 370 100
0.9412596225738525 23 371 100
0.953911542892456 23 372 100
0.964759349822998 23 373 100
0.971548318862915 23 374 100
0.9701826572418213 23 375 100
0.9652674198150635 23 376 100
0.9744606018066406 23 377 100
0.9821422100067139 23 378 100
0.9835124015808105 23 379 100
0.9913911819458008 23 380 100
0.015266180038452148 23 381 100
0.938164472579956 23 382 100
0.9370288848876953 23 383 100
1.0454351902008057 23 384 100
0.9638462066650391 23 385 100
0.9982669353485107 23 386 100
0.980466365814209 23 387 100
1.0290796756744385 23 388 100
0.9627845287322998 23 389 100
1.0105674266815186 23 390 100
0.8644764423370361 23 391 100
1.0201752185821533 24 392 100
0.9926953315734863 24 393 100
0.9812736511230469 24 394 100
0.8947703838348389 24 395 100
1.0828566551208496 24 396 100
0.967775821685791 24 397 100
1.0128326416015625 24 398 100
0.9851751327514648 24 399 100
0.9904358386993408 24 400 100
1.0059947967529297 24 401 100
0.9863066673278809 24 402 100
1.0145704746246338 24 403 100
0.9923067092895508 24 404 100
1.0187397003173828 24 405 100
1.0429723262786865 24 406 100
0.015253305435180664 24 407 100
0.016342639923095703 24 408 100
0.015935420989990234 24 409 100
0.016039133071899414 24 410 100
0.01659703254699707 24 411 100
0.014702796936035156 24 412 100
0.016530275344848633 24 413 100
0.017603158950805664 24 414 100
0.01525568962097168 24 415 100
0.01591014862060547 24 416 100
0.015464067459106445 24 417 100
0.01681351661682129 24 418 100
0.01581740379333496 24 419 100
0.015833377838134766 24 420 100
0.016515016555786133 24 421 100
0.01544332504272461 24 422 100
1.0343763828277588 25 423 100
0.015375375747680664 25 424 100
1.0864946842193604 24 425 100
0.9673738479614258 24 426 100
0.9959805011749268 24 427 100
1.0031111240386963 24 428 100
1.0343446731567383 24 429 100
1.0125586986541748 24 430 100
0.9871132373809814 25 431 100
0.9895210266113281 25 432 100
1.0480153560638428 25 433 100
1.008101463317871 25 434 100
1.0285398960113525 25 435 100
1.0042622089385986 25 436 100
1.074242115020752 25 437 100
1.0359268188476562 25 438 100
1.035919427871704 25 439 100
1.0205485820770264 25 440 100
0.9995040893554688 25 441 100
1.0206785202026367 25 442 100
1.0342705249786377 25 443 100
1.0051567554473877 25 444 100
1.015582799911499 25 445 100
1.0264003276824951 25 446 100
1.0212931632995605 26 447 100
1.055588722229004 26 448 100
1.0394952297210693 26 449 100
1.0113003253936768 26 450 100
1.0301146507263184 26 451 100
1.013352394104004 26 452 100
0.9217250347137451 26 453 100
1.032498836517334 26 454 100
1.0535650253295898 27 455 100
1.0251100063323975 27 456 100
1.040142297744751 27 457 100
1.0790808200836182 27 458 100
1.14970064163208 27 459 100
1.0847282409667969 27 460 100
1.0277206897735596 27 461 100
1.0632431507110596 27 462 100
1.0515623092651367 27 463 100
1.044865369796753 27 464 100
1.0961825847625732 27 465 100
1.0456478595733643 27 466 100
1.0421199798583984 27 467 100
1.0751428604125977 27 468 100
1.0557940006256104 27 469 100
1.044478178024292 27 470 100
1.0421993732452393 27 471 100
1.066225528717041 27 472 100
1.037519931793213 27 473 100
1.037597417831421 27 474 100
1.1631786823272705 28 475 100
0.015311002731323242 28 476 100
1.0709247589111328 28 477 100
1.1049153804779053 28 478 100
0.01636815071105957 28 479 100
1.1640849113464355 28 480 100
1.0746662616729736 28 481 100
1.0938010215759277 29 482 100
1.0884275436401367 30 483 100
1.0793354511260986 30 484 100
1.1662883758544922 30 485 100
1.0859477519989014 30 486 100
1.1217505931854248 30 487 100
1.08290433883667 30 488 100
1.0988070964813232 30 489 100
1.0814948081970215 30 490 100
1.1087965965270996 30 491 100
1.0999832153320312 30 492 100
1.0904302597045898 30 493 100
1.1170170307159424 30 494 100
1.1196274757385254 30 495 100
1.1728947162628174 30 496 100
1.1600251197814941 30 497 100
1.1342649459838867 30 498 100
1.056312084197998 30 499 100
1.1467609405517578 30 500 100
1.1073219776153564 30 501 100
1.2338557243347168 30 502 100
1.0695490837097168 30 503 100
1.1639213562011719 30 504 100
1.0953960418701172 30 505 100
1.1450839042663574 30 506 100
1.1807503700256348 30 507 100
1.1091291904449463 30 508 100
1.1299779415130615 30 509 100
1.1277291774749756 30 510 100
1.116833209991455 30 511 100
1.1200675964355469 30 512 100
1.1560590267181396 30 513 100
1.166917085647583 30 514 100
1.195408582687378 30 515 100
1.1358246803283691 30 516 100
1.1402792930603027 30 517 100
1.2005767822265625 30 518 100
1.142542839050293 30 519 100
0.014407873153686523 30 520 100
1.1604804992675781 30 521 100
1.1435909271240234 30 522 100
1.1435704231262207 30 523 100
1.1703345775604248 30 524 100
1.1549909114837646 30 525 100
1.1512305736541748 30 526 100
1.1477744579315186 30 527 100
1.1455848217010498 30 528 100
1.1560006141662598 30 529 100
1.1616230010986328 31 530 100
1.1587409973144531 31 531 100
1.1669256687164307 31 532 100
1.162886619567871 31 533 100
1.1895878314971924 31 534 100
1.1496696472167969 31 535 100
1.1484758853912354 31 536 100
1.2517507076263428 31 537 100
1.1517784595489502 32 538 100
1.1537694931030273 32 539 100
1.2019798755645752 32 540 100
1.1838130950927734 32 541 100
1.1686933040618896 32 542 100
1.199160099029541 32 543 100
1.1936354637145996 32 544 100
1.178311824798584 32 545 100
1.2057876586914062 32 546 100
1.187349796295166 33 547 100
1.210418462753296 33 548 100
1.2260706424713135 33 549 100
1.174884557723999 33 550 100
1.2242298126220703 33 551 100
1.2489824295043945 33 552 100
1.198169231414795 33 553 100
1.1874074935913086 33 554 100
1.1995348930358887 33 555 100
1.233006477355957 33 556 100
1.1796770095825195 33 557 100
1.2165398597717285 33 558 100
1.187117099761963 33 559 100
1.2616286277770996 33 560 100
1.2591078281402588 33 561 100
1.2483243942260742 33 562 100
1.1989021301269531 33 563 100
1.3655242919921875 33 564 100
1.1985175609588623 33 565 100
1.296067476272583 33 566 100
0.016308307647705078 33 567 100
0.017578125 33 568 100
0.01501011848449707 33 569 100
0.015053272247314453 33 570 100
0.015326499938964844 33 571 100
0.016612529754638672 33 572 100
0.03261828422546387 34 573 100
1.2823708057403564 34 574 100
1.2035441398620605 35 575 100
1.2915279865264893 35 576 100
1.3991265296936035 35 577 100
1.225226640701294 35 578 100
1.188476800918579 35 579 100
1.2811918258666992 35 580 100
1.236966609954834 35 581 100
1.307953119277954 35 582 100
1.332441806793213 35 583 100
1.2441802024841309 35 584 100
1.2294845581054688 35 585 100
1.274916410446167 35 586 100
1.249675989151001 35 587 100
1.2562708854675293 35 588 100
1.235722541809082 35 589 100
1.3071281909942627 35 590 100
1.2524166107177734 35 591 100
1.365356683731079 35 592 100
1.287325143814087 35 593 100
1.3835980892181396 35 594 100
1.3124656677246094 35 595 100
1.2659027576446533 35 596 100
1.2979955673217773 36 597 100
1.260110855102539 36 598 100
1.419384241104126 36 599 100
1.3536663055419922 36 600 100
1.3421690464019775 36 601 100
1.2524960041046143 36 602 100
1.405799150466919 36 603 100
1.336247205734253 36 604 100
1.4298689365386963 36 605 100
1.298116683959961 36 606 100
1.4225316047668457 36 607 100
1.3105294704437256 36 608 100
1.3200881481170654 36 609 100
1.344975233078003 36 610 100
1.3270246982574463 36 611 100
1.3061702251434326 36 612 100
1.408923625946045 36 613 100
1.3895437717437744 36 614 100
1.2860589027404785 36 615 100
1.3598418235778809 36 616 100
1.3016152381896973 36 617 100
1.338637113571167 36 618 100
1.3062005043029785 36 619 100
1.2583985328674316 36 620 100
1.322977066040039 36 621 100
1.288123607635498 36 622 100
1.3216736316680908 36 623 100
1.434715747833252 36 624 100
1.3220582008361816 36 625 100
1.3745198249816895 36 626 100
0.015603780746459961 36 627 100
0.014961719512939453 36 628 100
0.015438079833984375 36 629 100
0.01482534408569336 36 630 100
0.01564812660217285 36 631 100
0.014828205108642578 36 632 100
1.484489917755127 37 633 100
0.0157473087310791 37 634 100
0.019289731979370117 37 635 100
0.01780104637145996 37 636 100
1.323523998260498 37 637 100
0.015819072723388672 37 638 100
0.015969276428222656 37 639 100
0.014879226684570312 37 640 100
1.3607983589172363 37 641 100
0.01686716079711914 37 642 100
1.3422725200653076 37 643 100
0.028505563735961914 38 644 100
1.372443437576294 38 645 100
1.3980364799499512 38 646 100
1.332901954650879 38 647 100
0.015739917755126953 38 648 100
1.3517866134643555 38 649 100
1.3445911407470703 39 650 100
1.353510856628418 39 651 100
1.3995931148529053 39 652 100
1.3878095149993896 39 653 100
1.3628361225128174 39 654 100
1.3705353736877441 39 655 100
1.366856575012207 39 656 100
1.3880667686462402 39 657 100
1.3299598693847656 39 658 100
1.3561677932739258 39 659 100
1.376081943511963 39 660 100
1.3935377597808838 39 661 100
1.395967721939087 39 662 100
1.314288854598999 39 663 100
1.3906090259552002 39 664 100
1.4947402477264404 39 665 100
1.3574192523956299 39 666 100
1.3664557933807373 39 667 100
1.3607819080352783 39 668 100
1.3999741077423096 39 669 100
1.4793455600738525 39 670 100
1.380936622619629 39 671 100
1.3373847007751465 39 672 100
1.4894037246704102 39 673 100
1.3509974479675293 39 674 100
1.3634347915649414 39 675 100
1.387296438217163 39 676 100
1.3604938983917236 39 677 100
1.3559870719909668 39 678 100
1.382436990737915 39 679 100
1.377528429031372 39 680 100
1.3830294609069824 39 681 100
1.38425874710083 39 682 100
1.3526840209960938 39 683 100
1.3716683387756348 39 684 100
1.5136659145355225 39 685 100
1.3787808418273926 39 686 100
1.3653392791748047 39 687 100
1.4870481491088867 39 688 100
1.3794901371002197 39 689 100
1.4396648406982422 39 690 100
1.4892761707305908 39 691 100
1.4043002128601074 39 692 100
1.3650236129760742 39 693 100
1.5015926361083984 40 694 100
0.015873193740844727 40 695 100
0.016145706176757812 40 696 100
1.4793026447296143 40 697 100
1.3903043270111084 40 698 100
1.4044420719146729 40 699 100
1.5504436492919922 40 700 100
1.422032356262207 40 701 100
1.4406452178955078 40 702 100
1.4535083770751953 40 703 100
1.397186517715454 40 704 100
1.4311048984527588 40 705 100
1.4038569927215576 40 706 100
1.4104719161987305 40 707 100
1.4325485229492188 40 708 100
1.4241094589233398 40 709 100
1.5570333003997803 40 710 100
1.4320638179779053 40 711 100
1.5122394561767578 40 712 100
1.4347913265228271 40 713 100
1.4233710765838623 40 714 100
1.6135222911834717 40 715 100
1.4771854877471924 40 716 100
1.4482204914093018 40 717 100
1.4407155513763428 40 718 100
1.5601963996887207 40 719 100
1.5634996891021729 40 720 100
1.4280471801757812 40 721 100
0.01830601692199707 40 722 100
0.014362573623657227 40 723 100
1.5739338397979736 40 724 100
1.450688362121582 40 725 100
1.394608736038208 40 726 100
1.5370426177978516 40 727 100
1.4738848209381104 40 728 100
1.4256982803344727 40 729 100
1.412003517150879 40 730 100
1.582751750946045 40 731 100
1.5889170169830322 40 732 100
1.4368312358856201 40 733 100
1.418691873550415 40 734 100
1.452577829360962 41 735 100
1.5955443382263184 41 736 100
1.5332987308502197 41 737 100
0.015505552291870117 41 738 100
1.5140411853790283 41 739 100
1.5763556957244873 41 740 100
1.4509894847869873 41 741 100
1.7173585891723633 41 742 100
1.5683321952819824 41 743 100
1.5419201850891113 41 744 100
1.464761734008789 41 745 100
1.4954774379730225 41 746 100
1.467597484588623 41 747 100
1.4922947883605957 41 748 100
1.4763119220733643 41 749 100
1.4975590705871582 41 750 100
1.4826107025146484 41 751 100
1.4850916862487793 41 752 100
1.6121230125427246 41 753 100
1.5029523372650146 41 754 100
0.015791893005371094 41 755 100
0.01514744758605957 41 756 100
1.6568288803100586 41 757 100
1.597719430923462 41 758 100
1.479970932006836 41 759 100
1.5168712139129639 41 760 100
1.5018715858459473 41 761 100
1.4919049739837646 41 762 100
1.5195648670196533 41 763 100
1.6693785190582275 41 764 100
1.6420950889587402 41 765 100
1.5368328094482422 41 766 100
1.4707319736480713 41 767 100
1.6756584644317627 41 768 100
1.5524814128875732 41 769 100
1.5106360912322998 41 770 100
1.656043529510498 41 771 100
1.5326790809631348 41 772 100
1.494502305984497 41 773 100
1.515127420425415 41 774 100
1.53794527053833 41 775 100
1.6950788497924805 41 776 100
1.5642480850219727 41 777 100
1.655862808227539 41 778 100
1.5628588199615479 41 779 100
1.5248749256134033 41 780 100
1.539137363433838 41 781 100
1.525937557220459 41 782 100
1.6627094745635986 41 783 100
1.62062668800354 41 784 100
1.5459861755371094 42 785 100
1.572080135345459 42 786 100
1.6275599002838135 42 787 100
1.7447338104248047 42 788 100
1.7942399978637695 42 789 100
1.5591909885406494 42 790 100
0.015817642211914062 42 791 100
1.7445027828216553 42 792 100
0.016304969787597656 42 793 100
0.015972375869750977 42 794 100
1.5800762176513672 42 795 100
0.016217708587646484 42 796 100
1.7493290901184082 42 797 100
0.01595473289489746 42 798 100
1.5507750511169434 42 799 100
1.5548388957977295 42 800 100
0.016089677810668945 42 801 100
1.732175588607788 42 802 100
1.5698649883270264 42 803 100
1.6051805019378662 42 804 100
1.551476240158081 42 805 100
1.702772617340088 42 806 100
1.6031897068023682 42 807 100
1.6026406288146973 42 808 100
1.6964972019195557 42 809 100
1.6096172332763672 42 810 100
1.563596248626709 42 811 100
1.7246425151824951 42 812 100
1.5936217308044434 42 813 100
1.731222152709961 42 814 100
1.7431995868682861 42 815 100
1.5807595252990723 42 816 100
1.5935187339782715 42 817 100
1.746767282485962 42 818 100
1.623532772064209 42 819 100
1.7176005840301514 42 820 100
1.6017613410949707 42 821 100
1.613344430923462 42 822 100
1.7804267406463623 42 823 100
1.6012990474700928 42 824 100
1.743208646774292 42 825 100
1.590822696685791 42 826 100
1.689769983291626 42 827 100
1.619835376739502 42 828 100
1.6043987274169922 43 829 100
1.7641305923461914 43 830 100
1.8007667064666748 43 831 100
1.6484124660491943 43 832 100
1.801114797592163 43 833 100
1.6445684432983398 43 834 100
1.7606604099273682 43 835 100
1.5948710441589355 43 836 100
1.7823288440704346 43 837 100
1.7564449310302734 43 838 100
1.6489512920379639 43 839 100
1.7503917217254639 43 840 100
1.6515247821807861 43 841 100
1.718827486038208 43 842 100
0.01571488380432129 43 843 100
1.851764440536499 44 844 100
1.6679728031158447 44 845 100
1.6867942810058594 44 846 100
1.6641945838928223 44 847 100
1.6154353618621826 44 848 100
1.772334337234497 44 849 100
1.6688992977142334 44 850 100
1.7756118774414062 44 851 100
1.7822446823120117 44 852 100
1.6688921451568604 44 853 100
1.8200249671936035 44 854 100
1.8267688751220703 44 855 100
1.831094741821289 44 856 100
1.670166254043579 44 857 100
1.7877099514007568 44 858 100
1.8428196907043457 44 859 100
1.8258237838745117 44 860 100
1.705732822418213 44 861 100
1.825113296508789 44 862 100
1.67500901222229 44 863 100
1.8128070831298828 44 864 100
1.8436646461486816 44 865 100
1.7093055248260498 44 866 100
1.80607271194458 44 867 100
1.8469033241271973 45 868 100
1.8425471782684326 45 869 100
1.7088541984558105 45 870 100
1.8356881141662598 45 871 100
1.7364776134490967 45 872 100
1.842360258102417 45 873 100
1.7242283821105957 45 874 100
1.8040497303009033 45 875 100
1.829181432723999 45 876 100
1.8627045154571533 45 877 100
1.731712818145752 45 878 100
1.8310611248016357 45 879 100
1.7353200912475586 45 880 100
1.8221595287322998 45 881 100
1.6849348545074463 45 882 100
1.8148701190948486 46 883 100
1.7339584827423096 46 884 100
1.8283841609954834 46 885 100
1.7145144939422607 46 886 100
1.6896648406982422 46 887 100
1.8643579483032227 46 888 100
1.8872640132904053 46 889 100
1.8110132217407227 46 890 100
1.9568641185760498 46 891 100
1.9233806133270264 46 892 100
1.8895139694213867 46 893 100
1.8935439586639404 46 894 100
1.722322702407837 46 895 100
1.8898906707763672 46 896 100
1.9229271411895752 47 897 100
1.9434573650360107 47 898 100
1.9099555015563965 47 899 100
1.9345581531524658 47 900 100
1.8879854679107666 47 901 100
1.9090955257415771 47 902 100
1.9324727058410645 47 903 100
1.9105746746063232 47 904 100
1.7820639610290527 47 905 100
1.9555270671844482 47 906 100
0.01607680320739746 47 907 100
1.8087468147277832 47 908 100
0.017667055130004883 47 909 100
0.029552698135375977 48 910 100
0.016127347946166992 48 911 100
0.015237092971801758 48 912 100
1.951916217803955 48 913 100
1.7652604579925537 48 914 100
1.8859601020812988 48 915 100
1.9365534782409668 48 916 100
1.9659273624420166 48 917 100
1.9373164176940918 48 918 100
1.938621997833252 48 919 100
1.8907744884490967 48 920 100
1.9916191101074219 48 921 100
1.9285829067230225 48 922 100
1.9216551780700684 48 923 100
1.9793751239776611 48 924 100
1.9213979244232178 48 925 100
1.920274019241333 48 926 100
1.944941520690918 48 927 100
1.7984812259674072 48 928 100
1.795978307723999 48 929 100
0.01655292510986328 48 930 100
1.9438214302062988 48 931 100
1.803192377090454 48 932 100
1.9542627334594727 48 933 100
0.01615619659423828 48 934 100
1.9492170810699463 48 935 100
0.015834808349609375 48 936 100
1.822523832321167 48 937 100
1.7793457508087158 48 938 100
1.939143419265747 48 939 100
1.9392452239990234 48 940 100
1.9386546611785889 48 941 100
1.8316445350646973 48 942 100
2.0029802322387695 48 943 100
1.9677317142486572 48 944 100
1.9236500263214111 48 945 100
1.8315989971160889 48 946 100
1.9738895893096924 48 947 100
1.98893141746521 48 948 100
1.9807417392730713 48 949 100
1.7866127490997314 48 950 100
1.9430162906646729 48 951 100
1.9381096363067627 48 952 100
1.9358177185058594 48 953 100
1.981003999710083 48 954 100
1.9681365489959717 48 955 100
1.8142452239990234 48 956 100
1.818227767944336 48 957 100
1.9503576755523682 48 958 100
1.8684849739074707 48 959 100
2.149848461151123 48 960 100
1.9849891662597656 48 961 100
2.004101037979126 48 962 100
0.028751373291015625 49 963 100
0.016240596771240234 49 964 100
0.016536235809326172 49 965 100
0.015888214111328125 49 966 100
0.016236066818237305 49 967 100
0.016033172607421875 49 968 100
0.01716756820678711 49 969 100
0.016814708709716797 49 970 100
0.01814436912536621 49 971 100
2.108438730239868 49 972 100
1.9338386058807373 49 973 100
2.003588914871216 49 974 100
0.016303062438964844 49 975 100
2.085771322250366 50 976 100
2.131605386734009 50 977 100
2.0928730964660645 50 978 100
2.103116989135742 51 979 100
2.105321168899536 51 980 100
2.066527843475342 51 981 100
2.0590262413024902 51 982 100
2.039987325668335 51 983 100
1.948523759841919 51 984 100
2.0253260135650635 51 985 100
2.00154709815979 51 986 100
1.9998104572296143 51 987 100
1.8643901348114014 51 988 100
1.846834659576416 51 989 100
2.1929397583007812 51 990 100
2.144561529159546 51 991 100
2.0323190689086914 51 992 100
2.0144519805908203 51 993 100
1.883918285369873 51 994 100
1.981407642364502 51 995 100
2.007871389389038 51 996 100
2.023893117904663 52 997 100
1.8642387390136719 52 998 100
1.9343814849853516 52 999 100
2.025629997253418 53 1000 100
2.311223030090332 53 1001 100
2.1503162384033203 53 1002 100
2.0211784839630127 53 1003 100
2.319338798522949 53 1004 100
2.0602452754974365 53 1005 100
1.9362401962280273 53 1006 100
1.918196678161621 53 1007 100
2.0661797523498535 53 1008 100
2.115600824356079 53 1009 100
2.0962517261505127 53 1010 100
1.9455344676971436 53 1011 100
1.909714937210083 53 1012 100
1.9668755531311035 53 1013 100
2.3108303546905518 53 1014 100
2.030287742614746 53 1015 100
1.8605399131774902 54 1016 100
2.091752290725708 55 1017 100
2.151399612426758 55 1018 100
1.951096773147583 55 1019 100
1.962132453918457 55 1020 100
2.105173110961914 55 1021 100
2.2233595848083496 56 1022 100
2.0902202129364014 56 1023 100
2.156233549118042 56 1024 100
2.358673572540283 57 1025 100
2.518794059753418 57 1026 100
1.956357479095459 57 1027 100
2.054363489151001 57 1028 100
2.1475775241851807 57 1029 100
1.9998276233673096 57 1030 100
2.0923094749450684 57 1031 100
2.103334665298462 58 1032 100
1.9920461177825928 58 1033 100
2.152003526687622 58 1034 100
2.1409614086151123 58 1035 100
2.189107894897461 58 1036 100
2.083075761795044 58 1037 100
2.013765573501587 58 1038 100
2.136782646179199 58 1039 100
2.1181650161743164 58 1040 100
2.192730188369751 58 1041 100
2.0099222660064697 58 1042 100
2.1748712062835693 58 1043 100
2.130581855773926 58 1044 100
1.9842650890350342 58 1045 100
2.0933401584625244 58 1046 100
2.114611864089966 58 1047 100
2.0584373474121094 58 1048 100
2.1067514419555664 58 1049 100
2.07586932182312 58 1050 100
1.9487111568450928 59 1051 100
2.1274752616882324 59 1052 100
2.202120542526245 59 1053 100
0.016050338745117188 59 1054 100
2.2264044284820557 59 1055 100
0.01708221435546875 59 1056 100
2.1334071159362793 59 1057 100
1.9428400993347168 59 1058 100
2.076232433319092 59 1059 100
2.099199056625366 59 1060 100
1.9978752136230469 59 1061 100
2.1206541061401367 59 1062 100
2.129563331604004 59 1063 100
1.9851205348968506 59 1064 100
2.1737568378448486 59 1065 100
2.2092528343200684 59 1066 100
2.2086739540100098 59 1067 100
2.1923623085021973 59 1068 100
2.1798853874206543 59 1069 100
2.1642532348632812 59 1070 100
2.2035622596740723 59 1071 100
2.1667611598968506 59 1072 100
1.9863595962524414 59 1073 100
2.1200320720672607 59 1074 100
0.015434980392456055 59 1075 100
2.152585506439209 59 1076 100
2.1865525245666504 60 1077 100
2.0181448459625244 60 1078 100
2.135903835296631 60 1079 100
2.1997175216674805 60 1080 100
2.266615629196167 60 1081 100
2.372619390487671 60 1082 100
2.247314453125 60 1083 100
2.289015293121338 60 1084 100
2.1937716007232666 60 1085 100
2.2097885608673096 60 1086 100
2.2142717838287354 60 1087 100
2.3038506507873535 60 1088 100
2.244830369949341 60 1089 100
2.2807111740112305 60 1090 100
2.2681620121002197 60 1091 100
2.2644171714782715 60 1092 100
2.2850911617279053 60 1093 100
2.214351177215576 60 1094 100
2.297102212905884 60 1095 100
2.2278919219970703 60 1096 100
2.3757078647613525 60 1097 100
2.367715358734131 60 1098 100
2.2487473487854004 61 1099 100
2.2844090461730957 61 1100 100
2.5233044624328613 61 1101 100
2.5807180404663086 61 1102 100
0.015198707580566406 61 1103 100
2.155853748321533 61 1104 100
2.5081939697265625 61 1105 100
2.9143495559692383 62 1106 100
2.6278557777404785 62 1107 100
2.514946699142456 62 1108 100
2.7008862495422363 62 1109 100
2.8129825592041016 62 1110 100
2.4880034923553467 62 1111 100
2.3699164390563965 62 1112 100
2.6105213165283203 62 1113 100
2.3016974925994873 62 1114 100
2.076953411102295 62 1115 100
2.300534725189209 62 1116 100
2.4141411781311035 62 1117 100
2.5340654850006104 63 1118 100
2.324647903442383 63 1119 100
2.228123426437378 63 1120 100
2.3105087280273438 63 1121 100
2.26576828956604 63 1122 100
2.3441379070281982 63 1123 100
2.4382944107055664 63 1124 100
2.270719289779663 63 1125 100
2.4800591468811035 63 1126 100
2.46574330329895 63 1127 100
2.3252665996551514 63 1128 100
2.5862207412719727 63 1129 100
2.551571846008301 63 1130 100
2.519718647003174 63 1131 100
2.1228885650634766 63 1132 100
2.249006986618042 63 1133 100
2.128095865249634 63 1134 100
2.3649964332580566 63 1135 100
2.124959945678711 63 1136 100
2.338019371032715 63 1137 100
2.224639654159546 63 1138 100
2.325796127319336 63 1139 100
2.44606614112854 63 1140 100
2.1635310649871826 63 1141 100
2.4532220363616943 63 1142 100
2.472933292388916 63 1143 100
2.3486220836639404 63 1144 100
2.3608598709106445 63 1145 100
2.2414181232452393 63 1146 100
2.441218614578247 63 1147 100
2.414593458175659 63 1148 100
2.422586679458618 63 1149 100
2.396177291870117 63 1150 100
2.414576530456543 63 1151 100
2.4055066108703613 63 1152 100
2.2631967067718506 63 1153 100
2.5914299488067627 63 1154 100
0.24641942977905273 2 1 100
0.27689480781555176 3 2 100
0.26749300956726074 4 3 100
0.840731143951416 6 4 100
0.9554564952850342 6 5 100
0.26624059677124023 6 6 100
0.2852916717529297 7 7 100
0.7915639877319336 7 8 100
0.5179064273834229 8 9 100
1.0107276439666748 10 10 100
0.592475414276123 11 11 100
0.28806591033935547 11 12 100
0.27336883544921875 12 13 100
0.2815086841583252 13 14 100
0.771141529083252 15 15 100
0.28853631019592285 16 16 100
0.3098263740539551 17 17 100
0.5333364009857178 19 18 100
0.7479548454284668 20 19 100
0.281221866607666 21 20 100
0.28167200088500977 22 21 100
0.3107573986053467 22 22 100
0.8191912174224854 22 23 100
0.83001708984375 22 24 100
0.29641151428222656 22 25 100
0.29039525985717773 23 26 100
0.9200079441070557 24 27 100
1.5264599323272705 25 28 100
1.0020697116851807 25 29 100
0.3119208812713623 25 30 100
1.045624017715454 26 31 100
1.3080723285675049 26 32 100
0.3223419189453125 27 33 100
0.2910623550415039 28 34 100
1.2690699100494385 28 35 100
1.0770878791809082 28 36 100
1.755028486251831 30 37 100
1.3564128875732422 30 38 100
1.7836875915527344 30 39 100
0.2523355484008789 31 40 100
0.5341041088104248 33 41 100
1.583160400390625 33 42 100
1.9131486415863037 33 43 100
1.9034302234649658 33 44 100
0.26450037956237793 33 45 100
1.8034422397613525 34 46 100
1.4269113540649414 34 47 100
1.3884093761444092 35 48 100
0.27645325660705566 36 49 100
0.2811431884765625 37 50 100
1.8610916137695312 38 51 100
1.849358320236206 38 52 100
2.1444592475891113 38 53 100
1.94138765335083 38 54 100
0.2632908821105957 2 1 100
0.30290818214416504 3 2 100
0.26908016204833984 4 3 100
0.7429807186126709 6 4 100
0.9323160648345947 6 5 100
0.26616358757019043 6 6 100
0.2593867778778076 7 7 100
0.8329596519470215 7 8 100
0.3014492988586426 7 9 100
0.7716515064239502 10 10 100
0.5188426971435547 11 11 100
0.2537095546722412 11 12 100
0.25386500358581543 11 13 100
0.2531599998474121 13 14 100
0.7362399101257324 15 15 100
0.2550327777862549 15 16 100
0.2716238498687744 16 17 100
0.5326583385467529 19 18 100
0.2735121250152588 20 19 100
0.2668578624725342 21 20 100
0.2680673599243164 22 21 100
0.3074941635131836 22 22 100
0.771503210067749 22 23 100
0.8032867908477783 22 24 100
0.2695326805114746 22 25 100
0.26958131790161133 23 26 100
0.901526927947998 24 27 100
1.5418298244476318 25 28 100
1.0878932476043701 25 29 100
0.2824382781982422 25 30 100
1.0398404598236084 26 31 100
1.2326040267944336 26 32 100
0.26541733741760254 27 33 100
0.26424431800842285 28 34 100
0.9636819362640381 28 35 100
1.0326628684997559 28 36 100
1.434666395187378 30 37 100
1.3205268383026123 30 38 100
1.57816743850708 30 39 100
0.2543349266052246 31 40 100
1.4202604293823242 33 41 100
1.5402405261993408 33 42 100
1.9533097743988037 33 43 100
1.7577259540557861 33 44 100
0.2534143924713135 33 45 100
0.4847235679626465 34 46 100
1.3724637031555176 34 47 100
0.27761387825012207 34 48 100
0.2753472328186035 35 49 100
0.25019121170043945 36 50 100
1.6444816589355469 37 51 100
1.7815465927124023 37 52 100
1.9013516902923584 37 53 100
1.7609446048736572 37 54 100
2.3471717834472656 37 55 100
1.9358444213867188 37 56 100
0.2586836814880371 37 57 100
1.097275972366333 39 58 100
2.4545786380767822 39 59 100
0.27235841751098633 39 60 100
2.0073482990264893 39 61 100
0.5865428447723389 41 62 100
0.3187284469604492 42 63 100
2.5596649646759033 44 64 100
2.294206380844116 44 65 100
2.038243055343628 44 66 100
2.1654162406921387 44 67 100
0.30984020233154297 45 68 100
0.27694129943847656 46 69 100
0.5637161731719971 47 70 100
0.28257274627685547 47 71 100
0.29270172119140625 48 72 100
2.3107481002807617 48 73 100
0.29729294776916504 49 74 100
0.570991039276123 50 75 100
0.32930922508239746 51 76 100
0.5394308567047119 52 77 100
0.2956101894378662 53 78 100
0.32245683670043945 53 79 100
2.291118860244751 54 80 100
2.3986403942108154 54 81 100
0.5337765216827393 55 82 100
0.33733463287353516 55 83 100
2.2900140285491943 56 84 100
2.2621679306030273 57 85 100
2.380413055419922 58 86 100
2.4032399654388428 58 87 100
0.12904691696166992 59 88 100
0.13138604164123535 60 89 100
0.23183798789978027 62 90 100
0.17499089241027832 63 91 100
0.01741504669189453 63 92 100
0.14049839973449707 64 93 100
0.12937140464782715 65 94 100
0.1267528533935547 66 95 100
2.4235544204711914 66 96 100
0.15423965454101562 67 97 100
2.5941736698150635 68 98 100
0.11557531356811523 68 99 100
0.1279916763305664 69 100 100
2.5190577507019043 71 101 100
2.6511571407318115 72 102 100
2.601407527923584 72 103 100
2.4658203125 72 104 100
2.6661722660064697 74 105 100
0.11320114135742188 75 106 100
2.810683488845825 76 107 100
2.4882192611694336 76 108 100
2.5146820545196533 76 109 100
0.11882781982421875 76 110 100
2.7577924728393555 77 111 100
2.683292865753174 77 112 100
2.4961936473846436 77 113 100
2.4864418506622314 77 114 100
2.665586233139038 77 115 100
2.741689443588257 77 116 100
2.7278053760528564 78 117 100
0.10628962516784668 79 118 100
0.18226408958435059 80 119 100
2.7191619873046875 80 120 100
0.09658169746398926 81 121 100
2.80729603767395 81 122 100
2.890111207962036 82 123 100
0.11841440200805664 3 1 100
0.12643885612487793 3 2 100
0.1333310604095459 3 3 100
0.13164758682250977 3 4 100
0.13439321517944336 3 5 100
0.1788780689239502 3 6 100
0.17029857635498047 3 7 100
0.14486217498779297 3 8 100
0.15313124656677246 3 9 100
0.15797209739685059 3 10 100
0.19794321060180664 3 11 100
0.15998101234436035 3 12 100
0.1611313819885254 3 13 100
0.1693885326385498 3 14 100
0.21511626243591309 3 15 100
0.1825106143951416 3 16 100
0.18484950065612793 3 17 100
0.17851591110229492 3 18 100
0.18816208839416504 3 19 100
0.2119884490966797 3 20 100
0.19696640968322754 3 21 100
0.2367093563079834 3 22 100
0.19803786277770996 3 23 100
0.1740260124206543 3 24 100
0.22663402557373047 3 25 100
0.17950677871704102 3 26 100
0.18332695960998535 3 27 100
0.2356255054473877 3 28 100
0.19197773933410645 3 29 100
0.18937993049621582 3 30 100
0.23907160758972168 3 31 100
0.19484734535217285 3 32 100
0.19636774063110352 3 33 100
0.2415294647216797 3 34 100
0.20206642150878906 3 35 100
0.20964670181274414 3 36 100
0.22103333473205566 3 37 100
0.21369695663452148 3 38 100
0.2567896842956543 3 39 100
0.21206307411193848 3 40 100
0.24422836303710938 4 41 100
0.23266315460205078 4 42 100
0.25171399116516113 4 43 100
0.28088831901550293 4 44 100
0.26116204261779785 4 45 100
0.3095412254333496 4 46 100
0.2689552307128906 4 47 100
0.316925048828125 4 48 100
0.3351621627807617 4 49 100
0.333667516708374 4 50 100
0.28055357933044434 4 51 100
0.34216952323913574 4 52 100
0.31972765922546387 4 53 100
0.34694886207580566 4 54 100
0.29845523834228516 4 55 100
0.32448339462280273 4 56 100
0.2743990421295166 4 57 100
0.356830358505249 4 58 100
0.31081080436706543 4 59 100
0.3715028762817383 4 60 100
0.2907528877258301 4 61 100
0.3996577262878418 4 62 100
0.3470113277435303 4 63 100
0.306870698928833 4 64 100
0.35210371017456055 5 65 100
0.30510520935058594 5 66 100
0.3516209125518799 5 67 100
0.3165740966796875 5 68 100
0.34577488899230957 5 69 100
0.3989217281341553 5 70 100
0.3215675354003906 5 71 100
0.33676576614379883 5 72 100
0.3537938594818115 5 73 100
0.3042008876800537 5 74 100
0.01579570770263672 5 75 100
0.3338315486907959 6 76 100
0.3600761890411377 6 77 100
0.36361265182495117 6 78 100
0.3927600383758545 6 79 100
0.3605358600616455 6 80 100
0.356234073638916 6 81 100
0.386519193649292 6 82 100
0.40785980224609375 6 83 100
0.3419456481933594 6 84 100
0.3993387222290039 6 85 100
0.431424617767334 6 86 100
0.33022236824035645 6 87 100
0.3362607955932617 6 88 100
0.4078524112701416 6 89 100
0.35768723487854004 7 90 100
0.36682772636413574 7 91 100
0.38907647132873535 7 92 100
0.4345707893371582 7 93 100
0.36695337295532227 7 94 100
0.3710939884185791 7 95 100
0.436309814453125 7 96 100
0.4067714214324951 7 97 100
0.40178537368774414 7 98 100
0.42922401428222656 7 99 100
0.43848299980163574 7 100 100
0.5140249729156494 7 101 100
0.42009687423706055 7 102 100
0.4525001049041748 8 103 100
0.4938082695007324 8 104 100
0.5835146903991699 8 105 100
0.590146541595459 8 106 100
0.5860280990600586 8 107 100
0.49230265617370605 8 108 100
0.47765278816223145 8 109 100
0.11388087272644043 3 1 100
0.13067340850830078 3 2 100
0.13454723358154297 3 3 100
0.14402413368225098 3 4 100
0.14296460151672363 3 5 100
0.21093201637268066 3 6 100
0.1483607292175293 3 7 100
0.14327621459960938 3 8 100
0.16203880310058594 3 9 100
0.17695283889770508 3 10 100
0.19895219802856445 3 11 100
0.15877079963684082 3 12 100
0.16130638122558594 3 13 100
0.17008543014526367 3 14 100
0.2093660831451416 3 15 100
0.1774904727935791 3 16 100
0.17813420295715332 3 17 100
0.1780405044555664 3 18 100
0.18923211097717285 3 19 100
0.20137596130371094 3 20 100
0.19817471504211426 3 21 100
0.23828625679016113 3 22 100
0.20871973037719727 3 23 100
0.17363429069519043 3 24 100
0.26198530197143555 3 25 100
0.17999505996704102 3 26 100
0.19364285469055176 3 27 100
0.26349592208862305 3 28 100
0.20297551155090332 3 29 100
0.19343805313110352 3 30 100
0.24786019325256348 3 31 100
0.1931629180908203 3 32 100
0.2056729793548584 3 33 100
0.24705982208251953 3 34 100
0.23013925552368164 3 35 100
0.2077012062072754 3 36 100
0.22056221961975098 3 37 100
0.23121213912963867 3 38 100
0.29342031478881836 3 39 100
0.21883010864257812 3 40 100
0.27913856506347656 4 41 100
0.25479865074157715 4 42 100
0.26640892028808594 4 43 100
0.3039219379425049 4 44 100
0.29206109046936035 4 45 100
0.37047696113586426 4 46 100
0.29656195640563965 4 47 100
0.3357248306274414 4 48 100
0.30801939964294434 4 49 100
0.11304092407226562 3 1 100
0.11934161186218262 3 2 100
0.14928793907165527 3 3 100
0.1398448944091797 3 4 100
0.12776613235473633 3 5 100
0.17510104179382324 3 6 100
0.13370060920715332 3 7 100
0.13847827911376953 3 8 100
0.14188599586486816 3 9 100
0.15746402740478516 3 10 100
0.19785499572753906 3 11 100
0.1600327491760254 3 12 100
0.15982317924499512 3 13 100
0.16425085067749023 3 14 100
0.2127702236175537 3 15 100
0.2072608470916748 3 16 100
0.1750798225402832 3 17 100
0.17801785469055176 3 18 100
0.18212890625 3 19 100
0.1916656494140625 3 20 100
0.19392108917236328 3 21 100
0.2356247901916504 3 22 100
0.19843292236328125 3 23 100
0.17355728149414062 3 24 100
0.21989727020263672 3 25 100
0.17240285873413086 3 26 100
0.1762375831604004 3 27 100
0.22487378120422363 3 28 100
0.1815967559814453 3 29 100
0.20483732223510742 3 30 100
0.23476004600524902 3 31 100
0.27248430252075195 3 32 100
0.188828706741333 3 33 100
0.23540472984313965 3 34 100
0.19392108917236328 3 35 100
0.1960906982421875 3 36 100
0.19764137268066406 3 37 100
0.21307373046875 3 38 100
0.2537221908569336 3 39 100
0.20827889442443848 3 40 100
0.23566222190856934 4 41 100
0.2136096954345703 4 42 100
0.2426600456237793 4 43 100
0.3024332523345947 4 44 100
0.25412774085998535 4 45 100
0.30381059646606445 4 46 100
0.2611563205718994 4 47 100
0.3111002445220947 4 48 100
0.30521678924560547 4 49 100
0.32198286056518555 4 50 100
0.3552558422088623 4 51 100
0.3590703010559082 4 52 100
0.3055000305175781 4 53 100
0.363588809967041 4 54 100
0.3157055377960205 4 55 100
0.3556966781616211 4 56 100
0.28055572509765625 4 57 100
0.39671921730041504 4 58 100
0.3451826572418213 4 59 100
0.37182116508483887 4 60 100
0.3795621395111084 4 61 100
0.3152930736541748 4 62 100
0.3792693614959717 4 63 100
0.3330531120300293 4 64 100
0.38968706130981445 5 65 100
0.30243492126464844 5 66 100
0.37705349922180176 5 67 100
0.35437440872192383 5 68 100
0.32451748847961426 5 69 100
0.4267582893371582 5 70 100
0.3099989891052246 5 71 100
0.3469710350036621 5 72 100
0.374021053314209 5 73 100
0.2917599678039551 5 74 100
0.015486955642700195 5 75 100
0.3107883930206299 6 76 100
0.37302517890930176 6 77 100
0.41211867332458496 6 78 100
0.4002819061279297 6 79 100
0.3903622627258301 6 80 100
0.347881555557251 6 81 100
0.4448685646057129 6 82 100
0.3937404155731201 6 83 100
0.3375859260559082 6 84 100
0.4009816646575928 6 85 100
0.43128490447998047 6 86 100
0.312244176864624 6 87 100
0.3219451904296875 6 88 100
0.37681102752685547 6 89 100
0.375354528427124 7 90 100
0.38443827629089355 7 91 100
0.1259288787841797 3 1 100
0.18201160430908203 3 2 100
0.1409623622894287 3 3 100
0.159193754196167 3 4 100
0.1377549171447754 3 5 100
0.1784374713897705 3 6 100
0.13866281509399414 3 7 100
0.14525318145751953 3 8 100
0.149977445602417 3 9 100
0.15166091918945312 3 10 100
0.20174598693847656 3 11 100
0.160477876663208 3 12 100
0.16368317604064941 3 13 100
0.16612935066223145 3 14 100
0.28406834602355957 3 15 100
0.17047500610351562 3 16 100
0.17625141143798828 3 17 100
0.20757603645324707 3 18 100
0.18157196044921875 3 19 100
0.18673110008239746 3 20 100
0.19632720947265625 3 21 100
0.26418447494506836 3 22 100
0.23183417320251465 3 23 100
0.21431875228881836 3 24 100
0.307204008102417 3 25 100
