-1.0713834412947185 1.4575521869202017 2  1111
0.8749404325460084 3.094142072096646 1  1111
-1.151648523916914 2.977932489311399 1  1111
-1.2036459690781416 4.45499859763483 0  1111
0.815369704270454 4.677669795194651 3  1111
-1.9965933453108378 6.891676077581181 0  1111
-1.2706001014709913 5.97710336662624 0  1111
0.7680573498777621 6.228837245303043 3  1111
-0.7735159141923237 8.017068883715456 3  1111
-0.040418679636580274 7.094498104918975 3  1111
-3.4579775115825844 8.727390626661798 0  1111
0.6323807438138669 11.754320806645705 3  1111
-1.4645310434296135 8.955466776868029 3  1111
-2.753903866413635 7.807076833572692 0  1111
-0.7781770312187065 11.548602142974643 0  1111
-1.5830905085547493 10.461202227654688 3  1111
-3.6189868091262736 10.249557198478726 0  1111
-3.1560895163893883 11.379133441928484 0  1111
-2.735150815080187 12.544412003479458 0  1111
-2.3290556631767103 13.694522998343194 0  1111
-1.338955969188538 13.906337188740242 0  1111
0.22945741282393653 13.929213978125915 0  1111
1.684323169675262 13.523168954554036 0  1111
1.9035978208626012 10.989839778462793 3  1111
3.093941109273133 12.640512851327507 0  1111
3.3942556282017087 8.805054822932492 3  1111
4.247492646969401 11.889591805334296 0  1111
4.735407817282218 10.749354734848952 0  1111
3.1680358357400746 10.234058797507085 3  1111
5.223623851507959 9.673160422718695 0  1111
5.678971518113361 8.62797760829558 0  1111
4.9805214273324285 7.651833981014375 0  1111
6.128202780127824 6.810032831625813 0  1111
6.631831152825143 8.286086286666 0  1111
5.720228087316082 5.317998771934203 0  1111
4.7249053163396955 5.82931349261778 0  1111
2.36535027289703 6.939317209873359 3  1111
3.8141657148485684 7.53894761374533 3  1111
1.7140659230290767 4.4751269492135135 0  1111
-0.5829945037548405 5.514137382251607 3  1111
-1.9921332661978153 4.925429008377375 3  1111
-3.73382690316466 1.6065180247869202 0  1111
0.21060320355273596 3.7209126176859297 0  1111
-3.4197224058810423 4.2631946429843826 3  1111
-2.574220511567964 2.38177278425366 0  1111
-5.056634520441256 3.1125655459223736 3  1111
-4.9452009109852755 1.5219256175077365 0  1111
-6.158214973461225 1.3805825287124867 0  1111
-7.39979828818523 1.3531702239856507 0  1111
-7.973404727278012 2.2609355281371655 0  1111
-8.856117916375872 3.5050454694822184 0  1111
-8.844207824545053 4.910815305862173 0  1111
-6.7180744887490995 5.740013346111808 3  1111
-5.130875176326593 8.435970560771494 3  1111
-7.886323258923982 6.987290627635462 0  1111
-7.057941977547255 7.847611906072906 0  1111
-9.200439249678597 7.520642722445259 0  1111
-8.290715458789121 8.369355785449455 0  1111
-9.062934099039973 10.378105487842305 0  1111
-9.888849983512042 8.614713314017473 0  1111
-10.058806774640974 9.957865223830824 0  1111
-7.8152591260002335 11.328034576662844 0  1111
-6.488133718767834 12.078286770494124 2  1111
-5.121651715232947 12.71064006414551 1  1111
