-1.0634493762383235 1.461760605824894 2  1111
0.8665875659791221 3.1279838482116573 1  1111
-1.1395936862265488 2.9636287678183364 1  1111
-1.2290767240251061 4.354898257846422 0  1111
0.7735308322463514 4.720845421957138 3  1111
-2.2120812070354012 6.757068706685302 0  1111
-1.3561339696164496 5.921907839030314 3  1111
0.6111576489202557 6.251217369940173 3  1111
-1.0563072245787506 7.909512278964943 3  1111
-0.25707706764635047 7.036321780817201 3  1111
-3.7681630597993543 8.515303922264792 0  1111
0.0616466156985154 11.72767082860739 0  1111
-1.8026422057197602 8.833548464072505 3  1111
-3.0214230306042307 7.627033609000961 0  1111
-1.1853756724170543 11.463386301070209 0  1111
-2.067662446925208 10.287874627128538 3  1111
-4.0087039965694995 10.045930812047237 0  1111
-3.636883908415776 11.211384961946392 0  1111
-3.291630579975237 12.402343180868964 0  1111
-2.904808156824438 13.509640708618708 0  1111
-1.9479428556403593 13.811689861134841 0  1111
-1.71151229425386 13.093958891813198 0  1111
-0.20726042270682266 12.717156296859445 0  1111
1.2673670267657628 12.252543259955422 2  1111
0.3734340047862607 10.25388888913544 3  1111
1.5579182982619653 9.317612122920952 3  1111
2.953488883288288 10.795078725719305 0  1111
2.5899800259874977 6.862590305023444 3  1111
4.014550347039427 9.59475999127512 0  1111
4.232142314244125 8.38086270065702 0  1111
2.6750546947863563 8.142990260565277 3  1111
4.467728287766586 7.246302575340848 0  1111
4.561419983086351 6.075699484138253 0  1111
3.8129164970375777 5.31850902982255 0  1111
4.908894055348844 4.263958876644639 0  1111
5.7041895074594855 5.59780146728935 0  1111
4.1504919946545495 2.9214315158851196 0  1111
3.0808288404012174 3.637081804225068 0  1111
1.377409724247788 5.55882484306857 3  1111
2.8629420078645733 5.570317421167372 3  1111
-0.08010801826050813 5.491751099330297 3  1111
-0.09421920730635852 3.553777304164164 0  1111
-2.8501765684694664 6.164438923507191 3  1111
-6.066322953430285 4.544740226745719 0  1111
-2.9446273845650257 4.144078802072073 0  1111
-4.245064825995461 6.406390250430071 3  1111
-4.546274625826974 4.37004693062462 0  1111
-5.904259259224663 6.564346287319518 3  1111
-6.952909812977648 5.374518313038984 0  1111
-7.8666434166395645 6.203679218910002 0  1111
-8.754204495292278 7.0684364023022965 0  1111
-8.558504509854798 8.09773980660711 0  1111
-8.10629825229912 9.550115359587863 0  1111
-7.306749044406315 10.763657665960098 0  1111
-5.1507533329535615 9.764691328566386 3  1111
-4.809483583148628 11.520882059336271 0  1111
-4.893169819124669 12.999952614606553 0  1111
-2.7197225363897766 14.464050597275849 0  1111
-4.004128867169451 13.913463925924262 0  1111
2.7389192112465 11.883184987834188 1  1111
