-0.020865239385195578 0.015487975250156884 1.579499352235499
0.005799960356950008 0.0010676564609351368 1.5820937807497304
0.052879651800895405 0.021132050914562987 1.5861690978151515
0.03716551205934099 0.01514709964089151 1.5782798831308
0.06239405010931411 -0.017817818800597778 1.6256540003509223
0.013895669544929969 0.006712254106785229 1.5460662665294198
-0.013240853082115742 0.019532639739052896 1.568237271773018
0.0019304992997659 0.021824315381041022 1.560145875123053
-0.011991338632849062 -0.03884909557943184 1.5264452802316055
-0.07264382008517878 0.056215237799417686 1.5872505189954982
0.017995313804616123 0.0015052525934774737 1.5918315977319881
0.04022150078300432 0.014751819369091078 1.5948355296591215
0.08360320316822403 0.04027399126639957 1.5727106987599142
0.02184790353119528 0.03560264539722207 1.5937526616415598
-0.008429555229348983 0.00622710044093016 1.5429465011354846
0.02038576949907825 -0.009954820490948011 1.5584849067182622
0.007214413507111099 0.041944088608928926 1.6012450233552773
0.0581877014299318 0.03382329324519909 1.5755524132987164
-0.11536753198767154 0.010862771815435842 1.5543274628222303
0.016442965887276312 0.007439808901364376 1.5645508486821709
0.007409961513232283 -0.029723791139242797 1.5711429263291932
0.03199959902351111 0.012800299620721139 1.5464999030745181
0.012000998000291474 0.04933183593644665 1.5930644707887547
0.13188169824251728 0.07159347710184923 1.5597602549884835
0.11290268348631136 0.12361266389873042 1.5780231974869703
0.12027542537639545 0.14596487318694568 1.6039479550378557
0.0156930978366469 0.19675030673893154 1.5878843785454637
0.002730405725089046 0.18403176388884737 1.5429463021214285
-0.043718294071196734 0.25768793378423865 1.6081121207184506
0.008200351751120835 0.19306432768185078 1.5637348805776807
0.0008188813052791791 0.24122555214344116 1.5675213097528085
0.14621394398022708 0.21312238091100624 1.5694485863013883
-0.13065794737242192 0.27150739390045425 1.588275552058704
0.03818760396888344 0.2585680504187718 1.5465369322243705
-0.0506611379864835 0.31273683008474573 1.5634872712035823
-0.1624961398721778 0.31150425604206844 1.5358812031009155
-0.002975208474619122 0.40363287970318024 1.5614437081668915
0.01865269084429645 0.41642671813996784 1.603570626681352
0.0317254830050023 0.4741545176625803 1.5768863147989205
-0.06190274008381516 0.4620776800458555 1.6144776678405333
-0.013731955164023892 0.55058300023836 1.6335111055518952
-0.014984797243084644 0.5700268551208388 1.5330641200937483
0.010457709118593606 0.6343452063287208 1.6039602674469682
-0.006341711529797303 0.6715892237459355 1.6088590441235286
-0.009001604282505349 0.736881090458853 1.5462940683995603
-0.11027819090655464 0.751449530751845 1.5688286528348405
0.0011589739433246447 0.8034189178039283 1.564941665722005
-0.08069710224106352 0.860986829512958 1.5658048185685647
-0.021042977665641435 0.8973775314115481 1.540721585423295
-0.12390231188090434 0.9344697743083513 1.5423389414783992
-0.007834414484675908 0.9907777402953144 1.5385714098388548
-0.11381738591009094 1.0370922345813094 1.5294948426792974
0.05870809290706483 1.0409947748720645 1.491375435424067
-0.12823523020380526 1.141011872681822 1.5107318561805818
-0.06186272403993805 1.1182895837366493 1.502496176592583
-0.09455632110979986 1.1739946786660118 1.5212979905119774
-0.09397085667011774 1.262486406978615 1.5174587815620864
0.055020391489088605 1.20960603956574 1.478668726354082
-0.1319196128021587 1.3168349856751873 1.5380381530756224
0.03306115729947202 1.3446466421920238 1.5185637664165406
0.04248963509760859 1.4029996780400946 1.5346136337009966
0.04011370561175664 1.4597123821830253 1.5282983547673907
0.07962128685388836 1.4108518644247277 1.4859829411102314
-0.10534881205725487 1.5059609997623407 1.5476984749296756
-0.1681441836005667 1.5964149985778704 1.5231481602369887
-0.13750988569233843 1.649930681659469 1.600528664208932
-0.21785560413849614 1.6941523545686512 1.4979585096078492
-0.10228176323259347 1.6522396219536137 1.4768629203680173
-0.12801933850690883 1.6956177445922422 1.512677486642467
0.05110083262225591 1.7298950074284367 1.4588189476495332
-0.12858055111301592 1.762278454215588 1.4868091655144111
-0.18083878093799882 1.7784041403174227 1.4708477980264223
-0.12082028213064015 1.8002108332999915 1.4894477381992215
-0.15721204851758638 1.858349377048894 1.4647571143689082
-0.04850667686805355 1.8514781908185862 1.5154889829718503
-0.0717188604999629 1.8090277847033123 1.49919889067794
-0.24958961313679942 2.042962040893321 1.4238659022899454
-0.0028575922057849697 2.034971031620881 1.4990572170104983
0.025727630086866498 2.1023440360328247 1.5056100299106179
-0.09288980833558064 2.155333736302541 1.479183780794304
-0.09253869178725938 2.203608914832435 1.449168241845461
-0.11055154603641222 2.2177126328791816 1.44718743284796
0.01574291360781374 2.228708093030111 1.4236975177767492
-0.12542265413305573 2.3562583073095005 1.4683387870567841
-0.11648967688902973 2.3275848718449663 1.4400034879347279
-0.02173381202251844 2.363090621401433 1.4499245445075581
-0.03937998414452837 2.348298440491718 1.4484927916617247
-0.022130913562759914 2.4146346060379535 1.456507188325116
-0.07723944796449293 2.4476880706009085 1.4273463749156863
0.03316893197888818 2.506967902269994 1.4649113776118363
0.06327117504470407 2.5737880582551846 1.445143810015989
-0.016727222072519712 2.508167643412536 1.4299684910719286
-0.0493656416212037 2.6150467723446 1.3928217569934611
-0.4218656742494055 2.7578516606679497 1.2286133669481845
-0.3078091819394125 2.8995113211708095 1.1562791238996952
-0.5255612454629246 2.9951340952629346 1.1735779499566217
-0.46468936264516014 2.9698787939880855 1.2061467112993953
-0.4078057813846196 3.107853844193583 1.2247519919793488
-0.44630622668281045 3.2679269957849093 1.1633251369607724
-0.42359129539202345 3.1276910222925194 1.1758275393930644
-0.32667842259828495 3.1680273746753644 1.1797008704247316
-0.32079351262044864 3.2787496732463715 1.2175612585155882
-0.28723579259848736 3.2705166224983055 1.2213935865629015
-0.29487321760117535 3.2622012527858257 1.2087557258904984
-0.39987934966261046 3.385243832087071 1.2180111074856563
-0.3098820792668146 3.372137561529264 1.2140546016520395
-0.2679488883950919 3.43660661266089 1.2329653112320182
-0.2844852952768837 3.5067402428237524 1.23782130599009
-0.1987195979360554 3.5359118788028976 1.2392230088627032
-0.2987670217742497 3.546823588434822 1.223411609873931
-0.2673483307461707 3.64326746336777 1.2101761482286322
-0.23010816009295915 3.5758653640138953 1.2418506508296399
-0.18586479396208272 3.6506855906905367 1.2372596446240092
-0.24261705614177526 3.6815047033915786 1.2331872327712987
-0.032013156983716665 3.7157486732270324 1.268564429251543
0.03125781718030034 3.7971137144280895 1.2661906299737267
-0.11843631720305745 3.894981213222513 1.264916776073302
-0.11998037255126356 3.9074702331485827 1.2752353941055246
-0.05924868557380142 3.9138719467659735 1.2905582310564716
-0.1043403858250333 3.9323479824107643 1.2878132784725453
-0.0845217398691506 4.101218790680662 1.265433627425303
0.023274404297142053 3.954954092374946 1.3301467226600328
0.1054295651628418 3.9849907781344496 1.3524205401907583
-0.24399695280899353 4.168062285384581 1.327768305187647
0.156628838430495 4.172352077299693 1.3878663982925334
0.24436579580982257 4.1680523836735395 1.3598047171256995
0.18379966021078994 4.199981736617309 1.3686834140828972
0.10285392689223999 4.227714742074828 1.389381862996564
0.21550636579397464 4.220502817751089 1.4019173773589741
0.07924979213229602 4.330084243752788 1.4089403462770822
0.20069461754830548 4.290745735585045 1.41459152381984
0.2305088377778429 4.363123805998603 1.415000739246639
0.1731635299910046 4.348751320243796 1.4208045260077111
0.18397023894509001 4.449978214720064 1.4277590916296024
0.09474670743032104 4.488732445783855 1.4432872364070777
0.251079114943541 4.555944857845636 1.4163169253410592
0.13390404794297928 4.608638443678936 1.535059022253255
0.2493284526966524 4.617976899636495 1.4565808114293113
0.15142252681041954 4.6243186483359935 1.4386611528301778
0.20547499885090875 4.6580120928034034 1.429985154045967
0.06508249617763548 4.779034406372228 1.46013914854975
0.05913457054713289 4.735358356145201 1.4669746887891255
0.06966405005467699 4.844510680892818 1.4934647223655138
0.1668762232111947 4.83968117250242 1.4502487564302495
0.06690260430805349 4.936159377846926 1.4605869100450524
0.11888498712308304 4.910215054228148 1.5003187526570494
0.0798300131055325 5.021663552223033 1.5017257355481286
-0.030369976498347162 4.998942248998928 1.5058993981750162
0.04861097372667522 5.100413407417468 1.5136300204933548
-0.08334661212337022 5.180063063022063 1.5775568310274843
0.08580047838839808 5.222430589490171 1.528914940201818
0.019941124663977315 5.202375260811232 1.561311447878574
0.059489970271774904 5.261534547089152 1.5894295432560661
0.05768253397208794 5.341148149205618 1.579980016698583
-0.012964076776759403 5.3894105473375316 1.5932511159275229
-0.016219344985197608 5.380173780612532 1.6308040406046203
-0.048643213454189184 5.54420209417995 1.6003248420508476
-0.13512836657659025 5.480407503378483 1.5871221106563713
0.03491589944230511 5.551291467396233 1.6219933625616525
-0.14418907369063555 5.467247366882218 1.6016849257014745
-0.11672683912860868 5.552243169558544 1.6453353727628293
-0.21344896596654406 5.620310515973023 1.6356668154005398
-0.14320478186773467 5.7267869285618245 1.6970990628649145
-0.09715771351906223 5.778702334782745 1.7102959352814742
-0.0835269630760427 5.781635810648789 1.7527979206255777
-0.14913898701107733 5.8642398698821525 1.7276350531934144
-0.2536875495691625 5.913434024884197 1.7537910752860917
-0.30678481027257937 5.751928744530499 1.7175558110492668
-0.26428877929965794 5.882463874073781 1.7080888535712215
-0.3039426113660315 5.894408778008934 1.7371799810497144
-0.3196833296994054 5.948253524534292 1.7423592077082024
-0.3713018567986216 6.008761238111876 1.7977923264007662
-0.2963777817745106 6.077214104461376 1.813172725648003
-0.3936914848756227 6.12768156149141 1.8248225376169787
-0.38812355628930023 6.165239697575059 1.8297645909509483
-0.3570331826535841 6.212338039938022 1.8767557619375992
-0.4248434889294651 6.17188084166326 1.8270422644915834
-0.45397759842334634 6.254972580913064 1.8518490834122572
-0.4712347937212282 6.268695459675579 1.852239665102698
-0.5722729930442616 6.285644049915426 1.874372219242033
-0.5469221710624435 6.327692102582312 1.865133566609932
-0.6138740448504677 6.308699939510731 1.8520603523757115
-0.5447039535305811 6.472967811034302 1.897225558813975
-0.6025234359726608 6.519710902864803 1.9360228806199196
-0.561318845083476 6.554028755176413 1.8939783639971335
-0.45718488618947506 6.677946158857742 1.8778685903017738
-0.5932423398325452 6.465754339826742 1.8496490344962884
-0.5863646015168231 6.654767765967032 1.8244694586648544
-0.8087270863748866 6.545169359836211 1.8118743642859265
-0.828129265278855 6.608707511836352 1.8408513726806432
-0.7607112691675918 6.6931025045204 1.8813923680128735
-0.8339976362868451 6.698210487861869 1.873757145221711
-0.7682495114377894 6.832163558859924 1.9214401524230091
-0.7532034782439013 6.840899152788971 1.8909894390306288
-0.7938342154304925 6.8898960024103575 1.9525248284331729
-0.8610587738238 6.888715940348727 1.9154542309532643
-0.8451450351927277 6.86249839060791 1.935399879132029
-0.8853816721985118 6.999114015644995 1.9228015603968547
-0.9301101093879632 6.917050364570999 1.8859243650153459
-0.9123360544247874 7.052851801968469 1.9189153279424642
-0.9166520564772066 7.064005888520155 1.9361318083726393
-0.9160924181400838 7.136090738086496 1.9422052001923242
-0.9173993560601351 7.263707346560476 1.9634173434050584
-0.9931877233367327 7.238486734714572 1.9648416889472746
-0.909161269497572 7.281113891619774 1.8916242012978213
-0.9853904000724247 7.3331666036693655 1.93936853922172
-1.0176663623017626 7.320857051850283 1.9187060926201713
-0.9679014110350473 7.399521230727328 1.995453615854983
-1.047335178043044 7.402007093566712 1.9803211153641942
-0.9653185685588054 7.492525637941159 2.0101997269888137
-1.1448212711396653 7.426760912083339 1.998625461971119
-1.0341166514391644 7.4932312169870805 1.9540174984844905
-1.0298931107184401 7.54645734947713 1.9977043150833376
-1.166389179049451 7.531986546158722 1.9757556310912074
-1.1604983171927115 7.603577664957946 1.9498692117169543
-1.2823311500134649 7.647541307403255 2.0553903029099567
-1.177147469939948 7.765996201304371 2.0118033377835696
-1.119042003423056 7.835782849965029 2.025976348384939
-1.2262137158804596 7.78592516398818 2.0127288988393373
-1.2244747913360159 7.848228461187688 2.0207248827807294
-1.2793732746282727 7.823286068079325 2.0459616358957313
-1.1048812011727744 7.925981591791804 2.022739600330093
-1.2527652046691222 7.907903237914496 1.9841768957225983
-1.3486848639520912 8.002901669317415 2.1044191684906646
-1.3910410118973013 8.016162077263626 1.9910139184683686
-1.3158497047299402 8.079335539980805 1.977460962883043
-1.3166318778170358 8.087306988026988 2.0091516208533737
-1.4682783328176283 8.09300935463007 2.0006460680020526
-1.5062224877779555 8.200814575226827 2.0135849010190117
-1.4748428546146253 8.273263003213682 2.043837447138604
-1.4303905166057245 8.36551956779331 2.0500155956995054
-1.3371327539936082 8.4624294360824 2.103503926781303
-1.3520380757370185 8.490897195089024 2.0878188223097145
-1.2671311906960887 8.54138879658195 2.0796581081400634
-1.2976475082039132 8.688257974586564 2.070844112281601
-1.3138899785317226 8.611728224193627 2.030955695435807
-1.2091911420512702 8.688633363148398 2.0401680285632358
-1.2548059762716415 8.71154022022469 2.0285748336928924
-1.2205591883516602 8.703562708078364 1.9990274545251483
-1.1951803984366014 8.767284564227529 2.0194898935938697
-1.2235918767758098 8.79467345472749 1.9795556273720227
-1.2701137679888856 8.82554127916259 1.9779452685204655
-1.1231040967790569 8.859347951329184 2.030828542350264
-0.7398733657279661 9.074595031433132 1.8963940361187546
-0.9613543087113543 8.92453049773644 1.864490675160411
-1.042073054065484 8.943451060668176 1.9098649690784242
-1.3590218685342605 8.977260508332398 2.0104456990207913
-1.1843014710710165 9.125935599421506 1.8715354079073063
-1.1518083315397545 9.128574549859978 1.8710513290321502
-1.1018035523258258 9.21101970692551 1.8824149981276033
-1.2824253811184447 9.222465811970988 1.9206220905217104
-1.1812658408590913 9.272542903066553 1.8960286682207206
-1.1885254688527327 9.269853145232373 1.9320043285654473
-1.0632763810314851 9.30853640218226 1.875547266089449
-1.1506721854650435 9.29685547462311 1.8560395675723562
-1.3094313732150062 9.287032259753294 1.8449033088286966
-1.162866776089401 9.351481197775541 1.9026339771647889
-1.1956458916407533 9.388959117585438 1.8914473374631806
-1.1497652024823606 9.447750880874562 1.8762284981968347
-1.1814456878715387 9.468423635368104 1.8723860400024115
-1.187811580521396 9.533771621167928 1.8979123915964469
-1.2072657866526766 9.557619994875587 1.8547771456436921
-1.2812985763755351 9.54649006533249 1.8869454190796935
-1.1613866634101635 9.60303377708798 1.8524744674029177
-1.2174301106763141 9.621221454738142 1.855919827095212
-1.257069008945229 9.607082439674885 1.8582396760451412
-1.1602438638163164 9.713680153296973 1.8962157002238689
-1.2321020688560564 9.699414179829096 1.8373462216040153
-1.3066434805941636 9.708101893598442 1.8407762434500985
-1.2271617135284387 9.74547862748171 1.8492101526410905
-1.306845560529106 9.680287733174884 1.812273472826384
-1.3566526323678214 9.684360247424278 1.821841457755387
-1.2191646715308135 9.697329434808154 1.849520315254519
-1.1025705223071942 9.776252601044659 1.8110771061959832
-1.2678174039606682 9.648790986531166 1.7697212742525419
-1.3946805900283787 9.73792997456814 1.8070627540000799
-1.4889830740436423 9.634092088601028 1.865870704746704
-1.2150316481545762 9.79333941919686 1.7944937138674875
-1.409596489728552 9.745000615768475 1.8438487689176986
-1.1678039012358756 9.89694034580263 1.7583462069330047
-1.4814308241470435 9.80698775005276 1.7470651467764704
-1.3182539492423935 9.892724139402324 1.7483828432959685
-1.3627536307670565 9.880113381998312 1.7039888260953233
-1.4007877798934163 9.878323364371834 1.7628299344965677
-1.193541795585703 9.945466513693027 1.6688379628877286
-1.3969201299524554 9.901819137791131 1.7418901566647005
-1.336959448597705 10.042128022346589 1.7254406894410228
-1.2811485958168025 9.99439875651136 1.770761392966311
-1.1102836111079457 10.06749006194978 1.782177670726325
-1.2824814206962254 10.062880872122875 1.6664029827385138
-1.265814650979684 10.127482820460408 1.7161821568535363
-1.2856970454401362 10.091441161150811 1.7059323322545397
-1.275031287933679 10.095868974108685 1.7156099843403674
-1.285850204832671 10.099829156119615 1.6850300768655158
-1.2048231567339471 10.187484257013999 1.6922453523287924
-1.3005261107814352 10.217701753659112 1.6601408256233001
-1.34602676284431 10.213402493269603 1.7248445029248016
-1.0860035574260225 10.262745801606169 1.663403257718085
-1.2363120668306746 10.299211983451809 1.7014432937084194
-1.1968224062647819 10.354741348490384 1.7148062655988778
-1.1744086394287299 10.375299877271484 1.6952787334982335
-1.2777622623524618 10.444718688349209 1.6409284652384262
-1.3560457874446834 10.460060055454951 1.6284349141911916
-1.230372077659903 10.46758015301389 1.663886182471558
-1.1560115166983471 10.56088364872228 1.6357772986739305
-1.3382991448751749 10.532599295581578 1.641462380261484
-1.0959050238052965 10.597154268150941 1.6027462123857905
-1.2108399153737621 10.644541462926993 1.609990597494961
-1.2796581926549093 10.66582259934687 1.6348029325559321
-1.1051012460463483 10.658791698023323 1.6024681505945382
-1.2846429779225637 10.740081658906911 1.5935283121633168
-1.3155588891724224 10.786438516610643 1.56935363604585
-1.226628827883022 10.754558972431784 1.5486686621061068
-1.1706676684080406 10.80255505988016 1.5483874584958521
-1.2558031557996725 10.770687862711224 1.5409848376500488
-1.2068942627179546 10.848525903256203 1.5146964002685646
-1.2204196011274033 10.937482830079286 1.5103109236226335
-1.2718987175945076 10.96379719354219 1.5504829714057025
-1.1255626002005947 10.984034659076327 1.5685400731060393
-1.1444991738755332 11.012069585382658 1.5371074888831933
-1.2883113792387344 11.054602971337825 1.4898639997546248
-1.261194382754009 11.08608344415541 1.4981361244862843
-1.2650221637560783 11.081630547996122 1.5106100673659635
-1.1099786246911107 11.11441537283456 1.4549119337551208
-1.1857234504524101 11.172034214580751 1.4754842245752742
-1.1338198007114013 11.202793022853959 1.4804162806993204
-1.082849913865237 11.2201228613787 1.4837648265611614
-1.156669717429989 11.26668154579907 1.4654063135329933
-1.1281103554811476 11.307734753012591 1.4363170734667812
-1.152530551516258 11.323820133575609 1.4216149447685842
-1.152402330230133 11.361288137219201 1.398356190174842
-1.129811325517483 11.391810763315751 1.4080288623784296
-1.1244418135231204 11.438826345959136 1.386816260043528
-1.1350182290656317 11.48525804644343 1.3634829383668705
-1.0797088426745283 11.458639145485355 1.344924930037176
-1.11253000077951 11.52215452897802 1.3330487992255435
-0.998924100088455 11.53716712635358 1.3378442087733167
-1.0004141378147204 11.52450102930998 1.3659554696889478
-0.8954569435134925 11.532800370380444 1.339769572929846
-0.9695151137650888 11.615507092329006 1.2888452677595084
-1.0031401479583817 11.663229797653102 1.2947455722631012
-0.9291358672719164 11.663310464499256 1.222198567913334
-0.9138465517154115 11.66761206360953 1.2424144281466611
-1.042320191273183 11.745462141853704 1.2768589545897417
-0.7263760084049151 11.581859433776216 1.1726078536959006
-0.9336490705151859 11.436762040166622 1.1181899013531928
-0.8263357691991228 11.620936958644343 1.0875460605426472
-0.9890435690700055 11.51054167421586 1.0525517219818645
-0.8605721786113898 11.535892953764076 1.0001473157337986
-1.1071360682521334 11.45194543503637 0.935974114637159
-0.9356758142837711 11.546215792561245 0.8801596420002828
-1.2719931999787315 11.523180378046169 0.8083857720981295
-1.1329723030568837 11.648697000134128 0.7346524159619121
-1.20884470225958 11.81808303612161 0.7362267473047513
-1.3382976622157357 11.983885429871671 0.7110120678516593
-1.2748069631531813 12.12724617295643 0.6945772888771726
-1.207461083421293 12.165105504737856 0.724803220967766
-1.1199094949695259 12.160314272197784 0.7320915378282982
-1.1431445435898204 12.134498661489827 0.7121591450597637
-1.0348996867616909 12.149818371131467 0.7437559297865493
-1.0929321535785073 12.307061661355718 0.7404707314214194
-0.9626894960341069 12.195479063631966 0.6908104591094631
-1.0602125779101288 12.352405104805298 0.6860794842474983
-0.9336208645921741 12.279516869351095 0.6676155738703788
-0.9226989483134252 12.251448424922378 0.6095323967211849
-0.8548462022485995 12.34081873112106 0.6442410087272631
-0.9027725780410722 12.462840873617843 0.5996704454735273
-0.8461730990471041 12.403034777070273 0.5775780773680025
-0.8336262504850402 12.445785545657863 0.5643809611130746
-0.8480881681278156 12.459237493126208 0.5898140000523737
-0.755661349760279 12.450056078468071 0.5293169449793839
-0.7702127566681789 12.508986177202182 0.5846454957289787
-0.6733876993048076 12.334850164325172 0.5208458050047692
-0.7082483448576076 12.482534633816478 0.48700370047911307
-0.7339465389570474 12.5835909430105 0.5289873193231281
-0.6320981734220096 12.454723468130576 0.39988189295814236
-0.623653114862053 12.534589210578083 0.419002508031822
-0.6522886284428684 12.557612341374263 0.45086415734944
-0.47688054440073335 12.446086903647393 0.4258737675701971
-0.6262284905145508 12.609232585472 0.33834610687178307
-0.48981985799073197 12.412070454722244 0.36297259039215524
-0.5566374768933996 12.436062966493354 0.32879658049116817
-0.37044388432969144 12.599983295954697 0.2702917001000716
-0.5029145767767086 12.860424944976831 0.16827547598290105
-0.3079673983912084 12.710067276346836 0.19306481772959677
-0.3848753806922701 12.726799019022685 0.20216491952067267
-0.2919919262824197 12.912138476750636 0.07026237394759083
-0.4230334378310347 12.988629778044968 0.04354559859974083
-0.27641633340002175 12.8178834326346 0.06805812290245855
-0.3273302672799457 13.028467485815531 -0.010467831605763304
-0.2004224330406731 13.08886300684527 -0.07637459979837594
-0.2806615018788221 13.099780751872371 -0.08411352327416537
-0.23729300999834707 13.115792898444276 -0.10720161203617895
-0.13374999362324047 13.037468131813169 -0.07558229840664055
-0.08670656389313124 13.041240871303296 -0.1116228203278457
-0.07179215192964078 13.095479187876508 -0.15740889535479596
-0.09062008877526287 13.139846034367475 -0.19192801998517126
0.0502777330540745 13.117231116587144 -0.20709340643281532
-0.05486082494944154 12.962413627109267 -0.13969457391315787
0.11167688487336133 12.905138403099638 -0.1260790600460885
0.03692903441424727 13.092595760897495 -0.2578584537268779
0.16978949811241897 12.91970700472981 -0.1890198721888967
0.17400053084535536 13.002940456769304 -0.22672290732811518
0.2414289178496917 12.91480689050485 -0.2468871077822841
0.25086384524255384 12.997403755863104 -0.27757272070226724
0.2749596788862514 12.928913181769465 -0.3080422249923767
0.20943463517008296 13.010078559728987 -0.38005044307426694
0.19222782369501432 12.844983136908995 -0.4071118938117129
0.11266364563372415 12.7966825961399 -0.4716706444464738
0.11642775704804251 12.768381511508421 -0.46188108214104145
0.19860213565211488 12.847778736775487 -0.48039258006037094
0.16843048357899693 12.762212281973644 -0.4763701600140827
0.19314836060190488 12.702356154875455 -0.5219105851124175
0.2761209039866366 12.560537754289763 -0.5648115340568309
0.22793931241594603 12.538778168234916 -0.570895582310393
0.2840068598117968 12.420574933269238 -0.5943524992791542
0.27502974184870277 12.346223439365009 -0.6220357811004897
0.3236751652365201 12.403151581686956 -0.6495368272184355
0.27875006654506373 12.303835821967038 -0.6479423525137651
0.34142748420944036 12.268761759654415 -0.6770977375834936
0.26259311681865544 12.356874842344821 -0.6913392486386075
0.35622193506484107 12.425864546846142 -0.7043262686831029
0.4868892088540226 12.354728542490804 -0.7382010985388231
0.9738798739918455 13.214484805392644 -0.7923812480273725
1.0933716098738593 13.23479733546905 -0.817725769387579
1.114885734103057 13.100641467544053 -0.6703890927516458
1.074190863254832 13.068384989713191 -0.6576348536563048
1.142673016527804 13.107803948307277 -0.7069131221473908
1.07668195490861 13.079774354833651 -0.6421041965005115
1.0827679090890054 12.988661015535675 -0.668012121317926
1.14397536670879 13.048100707236756 -0.708719599929996
1.1931503146363547 12.934800698168406 -0.7242767769993219
1.130725376726028 12.98703213145643 -0.6979708558928671
1.3022242070281718 12.905934186101293 -0.7336300695675999
1.2688059247579433 12.93856040030249 -0.7314192214422113
1.2558042609071935 12.856769050788769 -0.6783517874922305
1.3168015956804302 12.838945657966546 -0.6512435841410891
1.3195496833682394 12.712776662089246 -0.6401095086839488
1.310918864716405 12.722482311364638 -0.6484996731562722
1.2955100269652402 12.629173643083726 -0.6482203908561116
1.625287252797154 12.85137949687926 -0.8444418729183152
1.451572726480964 12.548490460909159 -0.6446410989788844
1.6166968582723624 12.770606892488859 -0.7945365840585769
1.6839338907942991 12.683027321428622 -0.8097102102035577
1.70350441660727 12.843165225041258 -0.7718011866241695
1.758152956074582 12.667483549270358 -0.8394987872953196
1.8641472607995297 12.762966694477022 -0.8629791768386302
1.6636918568988621 12.574136297391087 -0.7098000048515221
1.751301716521303 12.581372615626819 -0.7179963178171642
1.7928093791712307 12.64847497326417 -0.7323555712148638
1.8275114636863443 12.610996586293007 -0.7260301255447983
1.8602564312701828 12.520211988265707 -0.7196141762163623
1.9737849790786723 12.503442389315598 -0.8323718501327031
1.941998866126774 12.549998664958423 -0.8025071949997686
1.8858116689835844 12.413993462133494 -0.709239802722886
1.8993674447689624 12.443570500698957 -0.7032573116391044
1.942608477208471 12.377921906210478 -0.7122172769703452
1.9877261390118435 12.420557802476402 -0.7136345601678515
2.0718559820707894 12.394456857739623 -0.7284916155282977
2.0591716053048046 12.44543804120676 -0.7383069388548346
1.9929598255398797 12.286895025897552 -0.7585330241548608
2.136583484161215 12.365164015914818 -0.7359190882793455
2.1736545890064676 12.337424756400626 -0.7576983021890238
2.161102806670088 12.374961059004267 -0.7421972936929058
2.193144187822522 12.34628863275328 -0.736876562456399
2.2010061427793897 12.28400811622854 -0.7145770349910666
2.215137190095619 12.27151810616897 -0.7053419909181171
2.2546675218401226 12.20958749873307 -0.683399475782624
2.2233109135434876 12.178550686919676 -0.6586472006133487
2.195689118535692 12.226103990419263 -0.653681281616364
2.2393705789229386 12.140811170522184 -0.6500443599538454
2.2248116049824436 12.187179278165631 -0.6192535304925083
2.217461685790879 12.121383502901102 -0.6029876081628979
2.4102151734743695 12.18628636878894 -0.7736646958846592
2.4650021072807036 12.136022563009316 -0.7837601180527896
2.484163997640441 12.082846749774179 -0.7565587706875335
2.661576105641892 12.234232171937144 -0.7675409035144286
2.584070970161266 12.159598247758488 -0.7602532124162316
2.5964522015666933 12.130966790893293 -0.7489894100666203
2.576653830054829 12.17726148065536 -0.7629864473705706
2.6576594099812416 11.94613888884259 -0.7002936702824396
2.778161659609681 12.273504784875806 -0.8100003216891459
2.7987319001037734 12.0516448945913 -0.7265662262213777
2.6846409685128236 11.880111086182783 -0.6559328828703997
2.647407010967071 11.901495381124484 -0.7436299527975688
2.7831241981078882 11.791242452565502 -0.6190098593086679
2.7424731066271435 11.701484914703164 -0.6294052120020228
2.832788087713149 11.715086123955054 -0.6175996661769856
2.726898672306551 11.58782670282577 -0.5799403206005574
2.8665526648553445 11.79797661893527 -0.6492293958249025
2.9581529953617 11.787179458944706 -0.6731139424621688
2.9499350997021394 11.815863931813494 -0.6495022470813938
2.980180136412755 11.7185903368607 -0.6470627105537221
2.995419460091466 11.747534910310774 -0.6350711616632096
3.154300671850497 11.871076585142937 -0.736790271770682
3.2942465007222133 11.927627214821932 -0.7479815382331381
3.161909779277811 11.64248055255677 -0.6698941560795285
3.158288881317344 11.593813475373837 -0.6063250437154191
3.2373679332657934 11.556305938722502 -0.6181458373490301
3.1597949358478683 11.511060536010891 -0.5823448739768319
3.2924048932490866 11.650890510920444 -0.7114054747652289
3.2997223028571994 11.312964745922033 -0.5273125088101573
3.4110764123622546 11.599343193764701 -0.6964483980558608
3.4283946324665275 11.615475887070772 -0.697058702628997
3.4773236826660887 11.493355050776284 -0.6871802245293348
3.3348151788402998 11.37816566733304 -0.7139829304275774
3.5347097908399805 11.361507447452892 -0.615913759744225
3.4721077113492536 11.29266594034147 -0.6283847283125108
3.52255584882208 11.268652679070001 -0.6282785941229307
3.535147011915413 11.273261766481836 -0.6779765881823775
3.5572945452217617 11.374369432285823 -0.7614146893161537
3.6855017586349565 11.31093864940876 -0.6549130202166176
3.6293229031619636 11.261413835053114 -0.6782319517964978
3.644129511863632 11.195091088321513 -0.6730338378648927
3.6399064176553604 11.202178627465134 -0.7152532898002383
3.714360325938817 11.143039548726724 -0.7218437615877452
3.732146891467082 11.081349331324216 -0.6850971585955358
3.7603831685542857 11.102766501879561 -0.7180511950930094
3.7908028467683286 11.09097058240656 -0.7268804249722174
3.816434098922239 11.05939330630471 -0.7425285817704796
3.9167928773218947 11.081220633693409 -0.7097623716422516
3.900311882647653 11.040019629193875 -0.7719142336075263
3.859044958172487 10.974473974001546 -0.7794837318201729
3.95179229315677 10.997013673139039 -0.8193152119758292
3.955356009328808 10.964147558139006 -0.8254896786967569
3.9620301566585754 10.803906031957997 -0.7579480061809178
4.004679751660933 10.92340222927727 -0.8378434331603114
4.001461025604935 10.87620037025574 -0.8273943472805321
3.9522564795845905 10.866514089852195 -0.8361571490436321
4.0641964486468165 10.788454969127306 -0.8461996524693641
4.18027286108948 10.831596463805553 -0.8342285605401366
4.064174562095026 10.706347483826892 -0.8788193118384929
4.130920079173419 10.815702446058024 -0.9194178736368191
4.1642331978699 10.705897257830214 -0.9313418206022536
4.229243420499216 10.702206699156593 -0.9442314079331694
4.284511217195619 10.597414135551302 -0.9581428973002746
4.314558431023887 10.632212294796306 -0.9785316097698502
4.308465500137469 10.649048447917027 -1.0721768554733135
4.268315474765323 10.737676583776073 -1.0885648141032358
4.3342432336883 10.531013850264642 -1.0696659491251503
4.366615042662261 10.568421792643614 -1.0860378004171738
4.329317955462363 10.427649699588281 -1.0508251234655275
4.341521556700145 10.482619320602643 -1.0921137178765112
4.4584486514262975 10.391185281311516 -1.1059477005196796
4.51942224714811 10.43959613222636 -1.123512977586545
4.5266741053737265 10.379477776368107 -1.163397570679678
4.639730472003441 10.37598861276925 -1.1428939777855447
4.652301291017052 10.349454428172121 -1.218297681847457
4.778189331685854 10.375043121756642 -1.237400971073929
4.674072833457323 10.223225843197666 -1.1838538880463856
4.664688169837195 10.212475876703254 -1.1888593014528
4.7646370394733095 10.070509578129812 -1.2238986059101262
4.710691456906654 10.089742565473168 -1.2228778168672434
4.661710612561621 10.020718108087813 -1.2552712454658905
4.645461963577769 10.06365541477056 -1.2423771228331884
4.710636449499092 10.025505533169648 -1.2538413081752193
4.628387592452623 9.893359000195497 -1.2881858039404803
4.710347042158476 9.857627846196237 -1.287496996221301
4.671381100446979 9.785921337036322 -1.302563445851615
4.691969922407121 9.786420503666308 -1.319911318850331
4.630885882863872 9.716816903678774 -1.3455959555863561
4.747884217203214 9.730120003300643 -1.31556556600697
4.708194610240217 9.573588183019783 -1.3153137799988774
4.651808046665215 9.60382805759658 -1.2885294257325848
4.694889727154133 9.48248711855898 -1.3530496776926992
4.723089322837682 9.47534895155696 -1.3546626136794453
4.658532625818315 9.415579811700715 -1.3673492127364415
4.870729018522254 9.534404342333207 -1.3869650345171602
4.929866744167616 9.267528794025143 -1.3499824684120938
4.9063350661768546 9.231832306869261 -1.3420634756054752
5.084971711453396 9.266116189970377 -1.2859980293508315
5.0453291902945026 9.271509818472868 -1.2063618160006506
5.203388961565867 9.274609527648042 -1.1842127251160472
5.359111657675412 9.149397828532505 -1.1630525884059302
5.056868977061989 8.911368196714621 -1.1515374636368634
5.542547858128052 8.855967991713865 -1.1913831101584282
5.561170040671323 8.867565609395887 -1.2218979482972872
5.610933349604747 8.897313739235177 -1.273912580645649
5.729357624879192 8.87035558529333 -1.290851142844375
5.59489096311789 8.66120029395369 -1.2474718828246354
5.703333203082637 8.844807887012871 -1.3204560911825838
5.675199984919738 8.651584134065034 -1.2856012022676282
5.790915585399642 8.724134717433182 -1.3171915475838494
5.80422799118897 8.629384266753487 -1.299825956988882
5.630248084004163 8.59963929007302 -1.3706887642685768
5.65733986554199 8.60373102849028 -1.3104165615743821
5.759000172275246 8.553002073666656 -1.3103205556451063
5.6949937429205475 8.50872339375595 -1.3414029062184107
5.674135669153844 8.488012442193375 -1.3958431061306107
5.804341983093393 8.48685168691029 -1.391577406167991
5.875209104580771 8.444726292470056 -1.4052970160566753
5.746946856400072 8.37401522130855 -1.3707832811779332
5.811762290490824 8.336761602508854 -1.4160769471888943
5.8053200875253514 8.318864284871884 -1.3765335473953402
5.697387439666362 8.265760077282831 -1.3968800976369267
5.766844642564029 8.227877580933784 -1.403013585586494
5.689018347232217 8.149774882738468 -1.4174786696835857
5.817000839647848 8.184567053539304 -1.4019145111267457
5.6645371532387525 8.111527874905681 -1.4607969664724503
5.750082418928516 8.10571490256236 -1.4370217101576166
5.747582647350287 8.08602556802389 -1.4257212147936151
5.72096504183698 8.001945302816802 -1.442189749577698
5.790226732567107 8.045852242647172 -1.4672907861195548
5.73726298132416 7.962682124890564 -1.4892887496779328
5.933713638122393 7.946546627529308 -1.4855289213352334
5.700696549760531 7.875737152118673 -1.549054460734422
5.910080968009409 7.905341955864676 -1.5662865874573717
5.683677253994278 7.713043462583476 -1.5583021230720024
5.717200611304078 7.737992811990176 -1.5677688803643735
5.74916797746395 7.764474726881488 -1.5400001649340178
5.6228172089854915 7.5960611323283205 -1.5707392584173714
5.6347338465136625 7.6249295261635215 -1.5861570882720144
5.6877705956491935 7.602968179886083 -1.6208233503170244
5.603781538983824 7.5505028716564775 -1.5829375343975811
5.592335320157115 7.549585512017008 -1.6758141101511708
5.546898389428586 7.492034093853946 -1.6530659761943316
5.5756328493243865 7.461341026149619 -1.6763566885824452
5.507702854103243 7.423799651753314 -1.676024523333347
5.517319299450391 7.376792223049578 -1.7546583997802438
5.591160610415074 7.387661891314348 -1.7741203586861238
5.463853027435445 7.285930793070039 -1.784014245468657
5.678134097567414 7.377187714755134 -1.891830370250159
5.601365477759129 7.25814662424003 -1.9348241934482724
5.7034640130803655 7.2879206947410164 -1.9531237864722948
5.5821442010627225 7.230953898526961 -1.9892005011664189
5.8263393898652165 7.303413574620127 -2.112317604071608
5.508601005041898 7.204185660116817 -2.017261769461698
5.39155975514077 7.18197573589641 -2.049686995322241
5.342758102548128 7.12253699345066 -2.118053829066157
5.490074787167387 6.9332114570835355 -2.1931864218449753
5.367191154460401 6.911495457064185 -2.2546611279568443
5.470346550845042 7.018581141741923 -2.272014744414027
5.372623337624616 7.0439981408354475 -2.2716461125067546
6.092955913919658 7.406396397752917 -2.5909285236963844
6.060648744266641 7.305317828524667 -2.63478914886415
6.160236607491909 7.2999595306340215 -2.7299485704885837
6.026762091327259 7.200616010537684 -2.756232224354443
6.1168805209563875 7.0791102812040885 -2.762554014496652
5.861543688896879 7.168664490267886 -2.8276150570890612
5.820815466792519 7.27362021881192 -2.860146943523368
5.889070822229146 7.291977777480527 -2.89083769525932
6.02407027656983 7.012203765586229 -2.8901344965645737
6.027537465353818 7.218497350622136 -2.9423639815754536
6.005568803581311 7.000805092670367 -2.96764468783774
5.780416452569004 7.006532993414459 -3.0016910857263777
5.858751760123109 7.087402163173307 -3.0128179702930904
5.844678505544895 6.985222719215852 -3.036358640949262
5.8054487648263295 7.1679077099853705 -3.0560834323559476
5.875981095841422 7.100411653093026 -3.098259744755097
5.6559127057206835 6.91867203912091 3.1306300438924937
4.962451552879756 6.428298869169064 -3.0456448303632317
4.9104140073992335 6.261031706257921 -3.056007044144882
4.849773171077604 6.530186553221229 -3.0055374026397184
4.835087678972861 6.449632996720099 -3.0707639640538122
4.728676420725306 6.41558456006965 -3.09020645544268
4.717534600877547 6.436131072853455 -3.037443049397368
4.691613521380215 6.55805236717968 -3.0694937694611317
4.620149744764709 6.462248659763399 -3.0926079793366723
4.6118971443468375 6.5873709379895935 -3.0511505658343263
4.574250056143296 6.577564658840851 -3.0652418016966387
4.536342681258402 6.484208329997082 -3.07931002306256
4.424477183707463 6.494119230330087 -3.1163494104856375
4.479634371683019 6.4771882313793006 -3.0794333473996716
4.351144571041889 6.399661166429001 3.13757112922206
4.462644297317645 6.530982204102018 -3.055475799834033
4.329057411360207 6.568915736643923 -3.0655242974250556
4.4282492958626145 6.570379780423391 -3.053171668934018
4.176586271952045 6.315874654782743 3.067095411087543
4.170062767952352 6.05652876304407 3.0372884963739195
3.986957804158603 6.101013615246354 3.0374752726008225
3.8618452775552154 6.041505685035081 3.001657398810046
3.9039041112266375 6.005910211916636 2.970934021940607
3.833960745526854 5.900639451761848 2.9891204783997516
3.7662082918233035 5.8432649143550215 2.9488232215228445
3.685427576336458 5.840496926777237 2.9357696483594924
3.673862165863389 5.694541576758674 2.90085173699
3.602532449467629 5.732283838046192 2.8763489559539317
3.541961712575754 5.743480772036175 2.943232594561021
3.490013858827592 5.713338520245159 2.9284053467966022
3.4718978208039792 5.652662189656454 2.908968563383549
3.4663940577552825 5.7245295545063355 2.8748436636683508
3.4202951602588736 5.707226550308432 2.889941692823031
3.4829288155909794 5.766692023678026 2.9004962982649447
3.433214418637742 5.651634795009135 2.8511542772923937
3.316136260548166 5.853290211024399 2.9108999381437797
3.341739386795339 5.7212560618214505 2.88962089599118
3.315534762149163 5.833323137731886 2.889855350431116
3.245409354887044 5.803088954027417 2.891390363499171
3.26594558257291 5.92836319160449 2.9496273714449894
3.2643295552551477 5.841070319755995 2.930148039432312
3.1698279599197146 5.867232757571149 2.881983867612175
3.172273080255623 5.821372187406594 2.897694327437972
3.0278916963740405 5.91452848878373 2.874888065640659
3.070573943242539 5.789945801487474 2.8709476726641903
2.915029859934403 5.866880744067351 2.804262008034319
2.892729356514307 5.961389060723854 2.742459613432774
2.905989377637232 6.038124353662492 2.721017621660149
2.8124419069306312 5.522004418060942 2.7788176349398555
2.590767885305833 5.59818308667684 2.771542695369801
2.541127022549009 5.461470708606849 2.8437897847231137
2.624469535104431 5.739033689776858 2.8512734548873553
2.564575053679723 5.931116476648221 2.894116524077727
2.5003455426475174 5.664489664426752 2.9596682834824706
2.48753721734283 5.8780660159757705 2.937111543063184
2.5278718201629053 5.802042690669973 2.9597020218851577
2.5117614227786507 5.842309085781613 2.973420048264233
2.395540497389918 5.852005046343506 2.9777674752472896
2.2428002200167603 5.700168623302839 2.9538983595080026
2.211374128127513 5.72452231885018 2.9950555320762016
1.991183443965079 5.753271987852724 2.96600990427024
2.0996150334159833 5.690080109200539 2.9875637698215045
1.9724588338813345 5.707816787955429 2.9751406596211396
1.945243453800769 5.957684587768017 2.9742838656633164
1.8749612972844352 5.930754832375796 2.986385913688926
1.8755982260087913 5.989990165142995 2.987424340987647
1.9092642854133934 5.974038259911964 2.949614208957381
1.876948433376767 5.887080408704511 2.9196062881555394
1.8129221770488715 5.840677017354398 2.911058397723857
1.7877941444789633 6.020940112980872 2.8952585767578456
1.7933821222118054 5.869760123521077 2.900975936293877
1.6662112289087376 5.906380591432842 2.852410325801902
1.8794644479743834 5.852676227845563 2.8077159822535736
1.9157527647232226 6.027881971027904 2.757607523319951
2.049540140773104 6.005488671428789 2.705535897751036
2.082096254396195 6.117073456947268 2.631730593477184
2.200875370348799 5.84687329070188 2.5379352723450883
2.1504979820329484 5.938742155466407 2.555054736279738
2.014472788593138 5.886009501983965 2.5532528747499117
1.9011364378557696 5.998070614562578 2.546270639713814
1.8315389033437652 5.92804789912385 2.54890995394977
1.8043505960380237 6.048536530844751 2.538755840836021
1.790033117282294 6.023589083273994 2.5481392958467883
1.6765791557889427 6.1191896070663985 2.5303897219686755
1.7131244914741866 6.049886163117501 2.54551863466164
1.5219211854898442 6.096385013954891 2.4754025953219134
1.3673308536077982 6.043767576971994 2.4935746604022078
1.3526078197321036 6.0708913297277665 2.5099068565825102
1.6470146962000576 6.115143165412962 2.5228922331635806
1.629809168591447 6.007148574794581 2.5363001097753903
1.4889674993581319 6.065320171755156 2.489587219386271
1.3747354376332115 6.133595220237687 2.5459254069404236
1.3592840119710525 6.281067006767296 2.5412646760969753
1.3063270492153891 6.125190611273458 2.60217318272268
1.295064173953957 6.324281181046577 2.611375698594067
1.2150574287015403 6.2650358678966045 2.6130353781052627
1.2651896984506144 6.407422138643467 2.5738446450524695
1.1287049379604528 6.317466748171834 2.598111490222174
1.1146722876652488 6.433127289836663 2.6562645538470115
1.0726493508880164 6.480146164653959 2.6831401388172216
1.1050183969292682 6.527249789300466 2.6265703398641183
1.0721995196243033 6.540868387619826 2.6493224554331514
0.9701624753512701 6.482671341010444 2.6129029923858638
0.9808493110052918 6.586774937292031 2.630409618832435
0.9696934795994556 6.482486482273888 2.6137293091931206
0.8918223785473072 6.609342862329545 2.626955578007905
0.8864690148239176 6.54448431165715 2.608019830155346
0.9203031700307409 6.6666685824615755 2.5918476549907203
1.2358359382004902 6.628703654699097 2.5772107379294686
1.3179197847422235 6.737190330875757 2.5405242136415036
1.324922226159904 6.692668626188031 2.552055136265447
1.4152657305140566 6.74926865318662 2.584493137006516
1.3037687283261277 6.826126295229037 2.5835414407879562
1.3782278873758893 6.837535272886047 2.6463633518702196
1.4219312912778228 7.031040242952065 2.6407497004858222
1.4385597686237208 6.937476564298991 2.6607733936602362
1.3935609213539657 7.143137924021004 2.685508065283077
1.3068046773028807 7.0669633358748625 2.7023075066986713
1.3334842582245594 7.170505334843758 2.6907562711391755
1.137570260888957 6.955657435547232 2.632521699803634
1.2086283741621577 7.136284227071121 2.692761397133084
1.1540915306077464 7.089846498220924 2.6771944279841637
1.0221272228139309 7.140695449911797 2.6467061079947616
1.1089240184676785 7.061345085483088 2.6779236620743725
1.0873820471255378 7.366636378316557 2.672856851735974
0.92872220860134 7.221561997898204 2.698878285482458
0.8379216664340802 7.2079187087847405 2.709951004675099
0.8816310595461212 7.166169908931853 2.6637845884674762
0.7678647636544532 7.071517165622783 2.7058083546293474
0.8103777953918188 7.341244993961184 2.66844726964619
0.657176761605712 7.189241473102599 2.674496787471781
0.6620831650780162 7.240218999844498 2.684843470482415
0.6067665299634893 7.282668628283995 2.6910285932945075
0.5758008383304328 7.265334384431053 2.687128633644035
0.4948367477887853 7.301467302162859 2.690670675605996
0.5046176871807208 7.299677562257807 2.6840553224269006
0.5976050307863146 7.451904508523855 2.6201474390879578
0.5512805997288527 7.274849065507992 2.61361447807036
0.399178116220938 7.421238085619523 2.6707134468008564
0.4200074611503099 7.321783392442208 2.6266338504736124
0.348509799548862 7.437854543076153 2.600714441155017
0.37444078037387063 7.44948301413446 2.6217268577780626
0.23724929892426214 7.507288592989565 2.6317452131825876
0.38674395570976633 7.546048925000389 2.649555825319089
0.3646894788620794 7.60647820638885 2.6404166700539498
0.3221993283024852 7.5105735883021865 2.654776593083074
0.12739880650264682 7.619543394823159 2.591033865307022
0.1978048540532334 7.649979118300725 2.585361541877979
0.06423721544614806 7.617042027598221 2.570064519518046
0.029867686476734275 7.542100947298196 2.5436556562762274
-0.12858442759511413 7.546784028487879 2.5314983822329657
0.012023441003585218 7.718054766701622 2.623869972404046
-0.023734003086175983 7.653460790130784 2.611218891231
0.32712031147036585 7.801795292913931 2.614102012325296
0.5151318342704223 7.884185304221178 2.5907091650588554
0.3949694698581572 7.8970242852800325 2.5861610876287378
0.13941878303194874 7.728320093925814 2.6916040669624435
0.10399015447103321 7.83884101396656 2.630207986513818
0.15703778644458416 7.998061734638176 2.640189329025772
0.1637094712176309 8.0145037230538 2.6796277272629845
0.11627950181705317 8.12682054260905 2.706554902704638
0.10995222676596228 8.285822380156242 2.705566232198809
0.05428254365207025 8.255629649208162 2.7372628999622215
0.03938370402814119 8.30523912084393 2.760081725196137
0.08430254393707107 8.34802329972815 2.7478410418836576
-0.014372023820850014 8.37445001111501 2.7642811745788056
-0.05652685948255873 8.421505366686194 2.7701945690915357
-0.15046334783531085 8.332268686186554 2.833660906693437
-0.07391501738094883 8.538934496410008 2.7972862398091536
-0.2299768906387497 8.365086096726191 2.8465078799240833
-0.2636956886093118 8.446936671964119 2.9077294769224964
-0.32303184393346096 8.577097695590568 2.937215666324051
-0.3806685679929879 8.571881673578714 2.9409932314306
-0.4420025208398487 8.639277655444396 2.9819545642224727
-0.47612895377331454 8.682728711010956 3.019104755459173
-0.5479471532431639 8.74506217194503 3.0609369796170833
-0.5661364645189189 8.866373899870613 3.099535533116439
-0.5755095940194171 8.919591027108508 3.1113773957953472
-0.5929315336771195 8.90568644500267 3.132133553876119
-0.6919154115677776 8.866946688379203 3.1288726761769974
-0.6768955212169602 9.156420898886369 -3.107766326095679
-0.715605464045277 9.201515808187732 -3.1002595627108724
-0.7336690489406414 9.086647006970422 -3.0866475879447277
-0.7960859739309168 9.26770564317248 -3.0772226122143245
-0.8558543094061551 9.19257599920722 -3.114891675695146
-0.8953041070116385 9.249744227023204 -3.109895923549171
-0.8423616021923752 8.99307361071228 3.1292620411283845
-0.9672599492892507 9.106872318329016 3.11605138162676
-0.9490775990079877 9.01933161258906 3.117749737123105
-1.0990806834675844 8.930642617648836 3.0472550206334277
-1.1167280882116408 8.866965209830806 3.0576059252498533
-1.142774402910123 8.991503138240217 3.068994764422793
-1.125416279974397 8.819417942030837 3.0629998514270014
-1.3907321544969518 8.858645425491652 3.0125919556139897
-1.3121367619459348 8.886441482793234 3.0015724364465504
-1.4746015790296956 8.854438090653572 3.0042613389088673
-1.5494844827631216 8.786151875621897 3.045343980209434
-1.569834460372564 8.831329395691203 3.041684937460155
-1.6701572414020582 8.758974605762493 3.033662150507113
-1.6240560794355658 8.661177997192938 3.0141522841426482
-1.7337305831367196 8.790496850297567 2.9905913274798084
-1.7709261977829711 8.751524088914088 3.012924902530017
-1.7861868795826301 8.78083702926479 3.053066063507442
-1.7700533127079148 8.834620080400107 3.0182504635355096
-1.9177642282191116 8.80759774690533 3.0086485522881694
-1.9911514813437627 8.770097561169678 3.0185508957168787
-2.042177191182624 8.801266677228858 3.0173410722448057
-2.0421895098473324 8.72473637257007 2.9867111763270957
-2.1208396876468907 8.661541689595326 3.041645130674092
-2.126800553591678 8.96838560572779 2.9867171366452174
-2.139596405275762 8.73825658959829 2.9699128570721247
-2.239228487578046 8.810317169734413 2.988401144809614
-2.299737167184886 8.79946469843016 3.0120395250992202
-2.3127759882181222 8.846055881373072 2.9602286403673523
-2.3446223870783807 8.746608014052956 2.9637080427049756
-2.4329274341086373 8.858142609837511 2.966770975586044
-2.4758130653395556 8.750307776071143 2.976037329705451
-2.475117212810076 8.778303684159786 2.969456030474006
-2.569302897226029 8.782166958184682 2.949953058916556
-2.61692691106273 8.905003324262257 2.952564936275809
-2.6454710404930384 8.898325557404267 3.0243141331414436
-2.7096766447110645 8.83283520093202 2.979280046528198
-2.7533714877371263 9.014698219629423 3.0155671262981834
-2.7848978149658885 8.97321263287687 2.961085679941732
-2.7800132740469707 8.93085979136814 2.958971592283977
-2.810892075483432 8.99253355605192 2.933145993880466
-2.803724374917032 8.875225381182714 2.90605668187101
-2.8968303398424977 9.032515415436302 2.9565905718626695
-2.946531303105177 9.031545897345763 2.963569523932129
-3.031768451438836 9.047880055518897 2.916302138315177
-3.0477314222887664 9.051140131150559 2.9340434199024505
-3.0922392896895015 9.122124413950802 2.9329581003153784
-3.129905853264689 9.096623579127245 2.901489099795397
-3.103291665589582 9.121860205262129 2.896144466453626
-3.23530656891677 9.163614260012867 2.898687439368329
-3.293478099904422 9.183880911091709 2.890352839279236
-3.3232913597426226 9.164162782845434 2.8407980005691607
-3.3188359815596202 9.17513430427567 2.817227427733631
-3.365840835437631 9.110432422265601 2.759430108700627
-3.4097145677374283 9.19090439238804 2.7714662403323778
-3.4536767147602196 9.236527290187482 2.766489247149539
-3.4923241313485596 9.272464864232994 2.7688547059276205
-3.5528051041014237 9.274688887544777 2.7435249079669517
-3.601191982771332 9.436852145662924 2.799082897550907
-3.7033847069078045 9.351710627205614 2.737664456984874
-3.669595299854918 9.600514667490499 2.8105266199461005
-3.774278522499916 9.34788096610733 2.663796233923319
-3.7907342156622352 9.38281797314337 2.646584898222348
-3.857291924056879 9.355916243652485 2.5940546608658046
-3.959699918263366 9.439514149384186 2.595831595275664
-3.974890678874232 9.500574205936475 2.5935463755374935
-4.022162082806975 9.429159673380246 2.5558622479289426
-3.974753820252649 9.622807927187623 2.57029987584071
-4.110365957511283 9.579664560553198 2.5661797229420817
-4.056980599439124 9.57366012438974 2.5294336983436514
-4.064238765626636 9.763184248016513 2.5228775866845474
-4.158112345493123 9.680473480763977 2.5156878161000926
-4.15296820515759 9.75066432384866 2.5403718477795314
-4.246491135356322 9.658099146632448 2.549751408434219
-4.253813542716008 9.812974151382251 2.497127768713631
-4.286304144758311 9.797522866055166 2.454664822009555
-4.265322271091914 9.743278282985186 2.429699360251802
-4.2063393544624565 9.739770883088505 2.4642899484923384
-4.217307973131089 9.730543952383375 2.4379094556663836
-4.361636440210452 10.081994059679214 2.4896715575458663
-4.3006924461080915 10.145211865702684 2.4860299899488623
-4.397466656949256 10.089612583545572 2.4372920385428376
-4.531814342812674 10.116812574445216 2.412948092844588
-4.4898539488893086 10.153282797611734 2.403106086378534
-4.456381126467982 10.327118602230952 2.391576194373262
-4.551246294961062 10.375686141591816 2.3689469229438624
-4.482926529057641 10.462176033679757 2.384773099279352
-4.566468764897299 10.509856199069619 2.3805166731149656
-4.587311934692983 10.50591573604166 2.3839750636011368
-4.5631060432022865 10.653439324402704 2.3702787185998915
-4.485859168745089 10.621676354535097 2.376926612462376
-4.560292447930571 10.749609650689605 2.3533636276143937
-4.5986495295255425 10.712909295063834 2.3399180812677387
-4.543078209344176 10.874114859202813 2.317102696181465
-4.558755537093869 10.917225324411012 2.3201547239940044
-4.693733256339862 10.861177584156545 2.260314500607647
-4.642785807406095 10.900421027451122 2.207022203339261
-4.721293792602337 10.886378900520025 2.1863883473229033
-4.753684872920201 10.983675776602091 2.1619826263888644
-4.8244577934345605 10.945352914586781 2.1556405283074023
-4.746072233467837 10.927769932808626 2.1035121354668442
-4.935210920261909 11.056147675005693 2.1345833839244377
-4.910809461886807 11.095822183967439 2.1339867642081356
-4.933756864297697 11.12604483132207 2.114001752095859
-5.026853894492349 11.163345712378762 2.0448232152735515
-5.112407859977472 11.12336044845075 2.0049455626204757
-5.133128532118843 11.175552404195658 1.9717219145899305
-5.024282629579331 11.237380031187392 2.0389145030819567
-5.169277403047679 11.254599140156277 1.9560632255497898
-5.232441348578852 11.196427579214562 1.901135071279152
-5.230871792667358 11.235801531146246 1.9013344415004445
-5.268782852284848 11.21160626906326 1.8866239899580808
-5.457653054397848 11.290964402445935 1.7894451242329008
-5.496467650948411 11.200550708104482 1.7627980268493144
-5.514404866325948 11.317038387571595 1.7293921580874596
-5.698492075756364 11.250012135702793 1.6546683355425558
-5.504636506317183 11.381291571120075 1.7170534866674179
-5.58852534956101 11.333796057917118 1.6922317581472544
-5.567428092696638 11.360257374127112 1.6713237550303361
-5.728573235527633 11.352479879347197 1.595303532280084
-5.342206600668872 11.639173441226262 1.7857671092688774
-5.726902649192061 11.41055497667819 1.5796975282132883
-5.813588855729242 11.481930123380916 1.4988801615350444
-5.666731870592943 11.559715686264795 1.5943382360907856
-5.678185139613432 11.579699495563792 1.5251732573657426
-5.711711535456595 11.506868819133867 1.4877341227463716
-5.820300542122381 11.59237780606142 1.3942517039370157
-5.884259286676132 11.578136261778985 1.374272248185915
-5.869372643588666 11.614111857383007 1.3205646454586948
-5.932000452647094 11.585592481640242 1.287779619364226
-5.880135450453904 11.743858085199335 1.2594158235306825
-6.087622372594347 11.690017534957905 1.2851560926114187
-6.031121456677884 11.791914232325807 1.3146463362673626
-6.038159028307943 11.904266702977527 1.3238171157101168
-6.072689691463744 11.99209571329489 1.2929359556531541
-6.259190573528949 11.990594826509911 1.2804465616750205
-6.314695867314277 12.133917961950383 1.2598685527287736
-6.227694569515862 12.125252763977278 1.2646628695561708
-5.662276768026819 11.943616473674785 1.1109262058839957
-5.857615642459365 12.005929245255933 1.1207297578278645
-5.824628345174002 12.107611408426399 1.1063909645841608
-5.889756841818653 12.088475003757793 1.085946253305948
-5.972791735000627 12.228992847877379 0.9977442522504426
-6.183183709739842 12.371725811224689 0.8848685257832689
-5.833057764943336 12.156981482952727 1.0233111688732441
-5.941198069974283 12.446908149600405 0.9287700713940334
-5.808789252545624 12.37720859098141 0.9308503924647838
-5.822598499833264 12.47746301376137 0.9143423221374523
-5.823103268338184 12.580470941180234 0.8585270206596604
-5.671986227620031 12.451693492533314 0.960405502978591
-5.585731229206793 12.424737492049898 0.9676244562625006
-5.696385391421802 12.534971242024126 0.9132760607562722
-5.5492847816599635 12.613540146844715 0.8823363749432989
-5.5206957821871905 12.587280890263468 0.919828208547703
-5.443876812725342 12.611671411299382 0.8875231269512235
-5.463631639422162 12.649013524224221 0.8740725663220212
-5.376210289617029 12.660106852864239 0.8455776061828028
-5.378761096403411 12.74653675866128 0.8490210190173435
-5.2748625363201 12.764692428457742 0.8358641120123419
-5.31148806862618 12.721819195811282 0.854865166124325
-5.262153707403413 12.77322033495417 0.8291414977863395
-5.365067245140096 13.114601552373998 0.6707110285484222
-5.236811592240376 13.04446337979306 0.7024076674202072
-5.219537950775849 13.163677357664383 0.6962455154287417
-5.258108357223464 13.281176573787421 0.6529713507777463
-5.099263089629802 13.109586979024074 0.6971008696050477
-5.147614248554715 13.248293664403013 0.7618971842913694
-5.049753985207199 13.231093223366498 0.7695180155704071
-5.125649919453433 13.364462239673339 0.7390101956670555
-5.152161144198175 13.341880856251985 0.7975657462276241
-5.110183354533151 13.473699634625628 0.7718635437821884
-5.119496227941798 13.423293280374327 0.8258657299325761
-4.9908344301061485 13.52977191626804 0.8309559475401029
-5.065678053870306 13.50500995429229 0.8574008492671582
-4.729477405960989 13.541686677140266 0.9363744706975647
-4.803163257097001 13.524714943692842 0.9453711069608239
-4.666769572024659 13.551212532835448 0.9418640317502014
-4.919690848493439 13.750278929771085 0.934950263494673
-4.696598425914002 13.889887447142138 0.9667443964538299
-4.724470536323684 14.009613216634053 0.9830254382672333
-4.616479265644151 14.197302648265177 0.9991467759751613
-4.663753216961472 14.312526924792374 1.0213514966593789
-4.425051422678626 14.62126254197393 1.0979596566002452
-4.636535438332966 14.845179984464313 1.1794587149274471
-4.673507229854698 15.083691776784956 1.1839508620417025
-4.659207921235095 15.093557741039266 1.2475500332313947
-4.509299410731548 15.297341988376186 1.2793220820425155
-4.551370062124084 15.27019583329954 1.3424631935438098
-4.420466683114766 15.334232907792181 1.3855632263208029
-4.464781892971514 15.531173352651827 1.4100868489822305
-4.256528958278201 15.57813645100997 1.4973690754771618
-4.158006698234598 15.610562194053168 1.459085738726588
-4.109959253666444 15.476481261108251 1.4053223241117778
-4.13482564569952 15.541129066300812 1.3909569768608032
-4.200225328872227 15.651521135484323 1.380995208340273
-4.172949284824839 15.72774081672112 1.3483624756460852
-4.298560232242526 15.724176635501166 1.2781885987421868
-4.187116748923645 15.842156926114308 1.3059237023285841
-4.3729838135801815 15.68432726144988 1.2323509416580007
-4.328609909116782 15.91189794923064 1.2306466952782682
-4.487242815322874 15.883924029684838 1.1693794311105852
-4.4337489500427 15.911618694000893 1.1237168268485433
-4.492389874840404 15.953320852361447 1.1011073158663314
-4.388389688821927 16.061119761181676 1.0976703827829752
-4.2535949701765325 16.008766339409586 1.1794215051715582
-4.23653740282504 16.144898011302775 1.1012599485730106
-4.263718755111231 16.093330296030317 1.0548640970302237
-4.206094266985401 16.211248463885546 1.0692955061944045
-4.328324880453192 16.246618456184763 1.1021147266611306
-4.038948277145873 16.1270148525676 1.0550805775840317
-3.965683226438191 16.162781742420215 1.09174915009562
-3.9247182181573037 16.167466704092472 1.1095491406111337
-3.879164780591217 16.24380001157202 1.081874549977578
-3.9316328280486714 16.22744783813203 1.0416821408709096
-3.8701724418081165 16.355589185320948 1.0183270075527655
-4.106086123358372 16.34592264793339 0.9367485706991625
-3.8159058121429594 16.405252154455344 0.9889110511952818
-3.972173661198834 16.55712468446026 0.8650384324590714
-3.8835581405156314 16.646057248644574 0.8307058183860252
-3.876407300619898 16.57713899454679 0.8349064341348351
-3.7564713046331395 16.618566912168966 0.8319740980048104
-3.8624555703718695 16.763064742351958 0.740860712438519
-3.797794935757667 16.75949427082054 0.7388983156918526
-3.8070089360024593 16.826721921574112 0.6947342893642441
-3.67826245338143 16.955607716607304 0.6685716294298012
-3.7375313622751394 16.901934447878073 0.661188206759185
-3.687313748465993 16.994354517042552 0.6034035838615793
-3.7221418835712297 16.992803951586023 0.5747469002092608
-3.404654008336534 16.77609022872676 0.7146510984262823
-3.460030808011605 16.906717399176046 0.6481722540571835
-3.3050972441317037 16.802041372450212 0.6348231640746914
-3.37323094284057 16.959576999244575 0.5921909356773024
-3.2950868488587886 16.990625864002457 0.6150222451788488
-3.2434297102869265 16.934034571647373 0.531341878306756
-3.2314501419430655 17.017074127103772 0.5843524385425013
-3.2567554688971643 17.053781193456444 0.5086200606814016
-3.2100122864670513 17.092502413003594 0.48187316329553825
-3.1144616739356725 17.04564354756232 0.5223891077638275
-3.084041138569721 17.17007067834164 0.491324709134499
-3.0392697657902468 17.086426839628754 0.4228528636745108
-3.038859627884691 17.01122103730059 0.44129814872289885
-3.0750379293582 16.963370646097513 0.4086505575047717
-2.9810120486027096 17.200088795752947 0.35984764935010866
-2.759054336058773 17.13205210176832 0.35643383355630287
-2.789250463059367 17.165622859948286 0.3523363043587935
-2.6728011882505647 17.089655944358142 0.3499984582653165
-2.7134278002806127 17.153898519701684 0.3230826069767117
-2.736792019417178 17.36959961785981 0.2345716847402546
-2.6832070608071747 17.461929530716855 0.19079065358871097
-2.5825146111818698 17.211189137519135 0.23198075364957335
-2.5408190284431806 17.309889893010332 0.27786153509608397
-2.499971783379042 17.368413597174058 0.23239847789671483
-2.3946498309103332 17.25666408729224 0.21383497022500703
-2.3892747615838004 17.312085629014756 0.20044266115174025
-2.3967800217165585 17.337120656807024 0.2420311187916583
-2.282804492908382 17.25765832281969 0.18571342796971366
-2.2865807896816084 17.27261182497426 0.2012145999402556
-2.19762073066412 17.301482116767477 0.17644835912504528
-2.125630276622196 17.287306696853804 0.1340389624560081
-2.1333946022659664 17.275611114632568 0.1244257083036968
-2.1162320403730344 17.2705020380132 0.12706067632465576
-2.0587540557612236 17.364306719527235 0.03311294478477139
-2.0614227795352256 17.305473230797805 0.06294928999843942
-1.9618524101415913 17.264178330724302 0.03852252909759247
-1.9517128831588786 17.349792783837366 -0.00983800979347617
-1.8656960062742176 17.231735170689873 0.005030044642510613
-1.8476017833191238 17.30254509498068 -0.032167938222104266
-1.8369364191563298 17.267824569337286 -0.07971038885881813
-1.7525390538551764 17.096830465487095 0.00016377827240519956
-1.7422101487461448 17.10654006645781 -0.09859937725821011
-1.6508930413101304 17.38600220116333 -0.1895371725135693
-1.6066349057709899 17.35587576417381 -0.2037983708904584
-1.5481627330568455 17.40402009219567 -0.23875557551323823
-1.451910111918885 17.34808656808282 -0.23765252729784592
-1.4336980963032842 17.361390787215278 -0.2601624694911989
-1.3440794052528309 17.391413002534495 -0.27222565472538224
-1.3638201154618188 17.27440078478474 -0.2489442273865531
