0.11115217208862305 3 1 100
0.0754997730255127 3 2 100
0.07471823692321777 3 3 100
0.0773463249206543 3 4 100
0.08132266998291016 3 5 100
0.0691525936126709 3 6 100
0.06836938858032227 3 7 100
0.0697164535522461 3 8 100
0.07088232040405273 3 9 100
0.07790708541870117 3 10 100
0.07680559158325195 3 11 100
0.08675503730773926 4 12 100
0.0989680290222168 4 13 100
0.08434152603149414 4 14 100
0.0973355770111084 4 15 100
0.08584094047546387 4 16 100
0.09050178527832031 5 17 100
0.08263206481933594 5 18 100
0.17196273803710938 6 19 100
0.09778881072998047 6 20 100
0.1236715316772461 6 21 100
0.11069154739379883 6 22 100
0.15090227127075195 6 23 100
0.1127462387084961 7 24 100
0.13167738914489746 7 25 100
0.14588570594787598 7 26 100
0.12009263038635254 8 27 100
0.12936830520629883 8 28 100
0.1531236171722412 8 29 100
0.12117958068847656 8 30 100
0.1485447883605957 9 31 100
0.12967491149902344 9 32 100
0.15750432014465332 10 33 100
0.1645052433013916 10 34 100
0.1605522632598877 10 35 100
0.21057581901550293 10 36 100
0.12333822250366211 10 37 100
0.17100739479064941 10 38 100
0.1423966884613037 10 39 100
0.1405947208404541 12 40 100
0.1537172794342041 12 41 100
0.1525723934173584 13 42 100
0.25305652618408203 14 43 100
0.18723154067993164 14 44 100
0.18713784217834473 14 45 100
0.1829853057861328 14 46 100
0.16158676147460938 14 47 100
0.232285737991333 14 48 100
0.1986861228942871 14 49 100
0.1906888484954834 14 50 100
0.2121739387512207 14 51 100
0.20979022979736328 14 52 100
0.2481706142425537 14 53 100
0.193037748336792 15 54 100
0.20615172386169434 15 55 100
0.21148180961608887 15 56 100
0.27068376541137695 15 57 100
0.20040655136108398 15 58 100
0.19754886627197266 16 59 100
0.20595717430114746 16 60 100
0.20537900924682617 16 61 100
0.2711000442504883 16 62 100
0.21959686279296875 16 63 100
0.26202988624572754 17 64 100
0.24155187606811523 17 65 100
0.3229331970214844 17 66 100
0.33185911178588867 17 67 100
0.22662639617919922 17 68 100
0.3194444179534912 17 69 100
0.21475958824157715 17 70 100
0.24342775344848633 17 71 100
0.2357499599456787 17 72 100
0.29926466941833496 17 73 100
0.24512958526611328 17 74 100
0.24354004859924316 17 75 100
0.26431941986083984 18 76 100
0.32619643211364746 18 77 100
0.30553150177001953 19 78 100
0.25909996032714844 19 79 100
0.33745646476745605 19 80 100
0.30422043800354004 19 81 100
0.26607227325439453 19 82 100
0.35068535804748535 19 83 100
0.27024078369140625 19 84 100
0.29845643043518066 19 85 100
0.33037424087524414 19 86 100
0.28635358810424805 19 87 100
0.2791581153869629 19 88 100
0.3696115016937256 20 89 100
0.3076505661010742 20 90 100
0.316051721572876 20 91 100
0.3443312644958496 20 92 100
0.30811142921447754 20 93 100
0.31922173500061035 20 94 100
0.3469395637512207 20 95 100
0.2960484027862549 20 96 100
0.29279470443725586 20 97 100
0.36480712890625 21 98 100
0.2978029251098633 21 99 100
0.2792482376098633 21 100 100
0.3399074077606201 21 101 100
0.016310453414916992 21 102 100
0.01586127281188965 21 103 100
0.017000198364257812 21 104 100
0.015493631362915039 21 105 100
0.016155481338500977 21 106 100
0.026525497436523438 22 107 100
0.2485523223876953 22 108 100
0.31605958938598633 23 109 100
0.2623617649078369 23 110 100
0.25380969047546387 23 111 100
0.31592392921447754 24 112 100
0.26038384437561035 24 113 100
0.26073241233825684 24 114 100
0.30245542526245117 24 115 100
0.26743531227111816 24 116 100
0.31096386909484863 24 117 100
0.26627349853515625 24 118 100
0.017134904861450195 24 119 100
0.026381969451904297 25 120 100
0.28414177894592285 26 121 100
0.3352353572845459 26 122 100
0.31691884994506836 26 123 100
0.32750868797302246 27 124 100
0.2715740203857422 27 125 100
0.31961989402770996 27 126 100
0.2891969680786133 27 127 100
0.29361391067504883 27 128 100
0.33631086349487305 27 129 100
0.016099929809570312 27 130 100
0.29315781593322754 27 131 100
0.34529924392700195 27 132 100
0.3257582187652588 28 133 100
0.36913490295410156 28 134 100
0.30234813690185547 29 135 100
0.2987937927246094 29 136 100
0.3427755832672119 29 137 100
0.31581950187683105 30 138 100
0.38167524337768555 30 139 100
0.31864070892333984 30 140 100
0.3500020503997803 30 141 100
0.017531156539916992 30 142 100
0.01642894744873047 30 143 100
0.3278687000274658 31 144 100
0.3592519760131836 31 145 100
0.3313288688659668 31 146 100
0.3805577754974365 31 147 100
0.33342480659484863 31 148 100
0.3861196041107178 31 149 100
0.3356292247772217 32 150 100
0.40837788581848145 32 151 100
0.33008694648742676 32 152 100
0.38661670684814453 32 153 100
0.3377494812011719 32 154 100
0.3795509338378906 32 155 100
0.3184642791748047 32 156 100
0.016738176345825195 32 157 100
0.016024112701416016 32 158 100
0.01598334312438965 32 159 100
0.016969680786132812 32 160 100
0.37284111976623535 33 161 100
0.01743149757385254 33 162 100
0.33356499671936035 34 163 100
0.3952901363372803 34 164 100
0.34276413917541504 34 165 100
0.3760082721710205 34 166 100
0.33698272705078125 34 167 100
0.4035656452178955 34 168 100
0.3309352397918701 34 169 100
0.3985261917114258 34 170 100
0.35439205169677734 34 171 100
0.4002072811126709 34 172 100
0.35706615447998047 34 173 100
0.01604628562927246 34 174 100
0.4125368595123291 34 175 100
0.3628387451171875 34 176 100
0.4010348320007324 34 177 100
0.418215274810791 34 178 100
0.36970067024230957 35 179 100
0.4062016010284424 35 180 100
0.35588884353637695 35 181 100
0.43436241149902344 35 182 100
0.4016563892364502 35 183 100
0.456005334854126 36 184 100
0.3899385929107666 36 185 100
0.47162342071533203 36 186 100
0.4916970729827881 36 187 100
0.3942291736602783 36 188 100
0.016205549240112305 36 189 100
0.5503356456756592 37 190 100
0.6172423362731934 37 191 100
0.5240743160247803 37 192 100
0.46858978271484375 37 193 100
0.49210357666015625 37 194 100
0.4770336151123047 37 195 100
0.39800477027893066 37 196 100
0.4525909423828125 38 197 100
0.3757500648498535 38 198 100
0.01686382293701172 38 199 100
0.4260225296020508 38 200 100
0.4550952911376953 39 201 100
0.4091935157775879 39 202 100
0.47318267822265625 39 203 100
0.4722402095794678 39 204 100
0.40529966354370117 39 205 100
0.5065057277679443 39 206 100
0.42297840118408203 39 207 100
0.4708378314971924 40 208 100
0.4731929302215576 40 209 100
0.4032440185546875 40 210 100
0.5076496601104736 41 211 100
0.4982600212097168 41 212 100
0.406355619430542 41 213 100
0.5472345352172852 41 214 100
0.42784714698791504 41 215 100
0.497943639755249 41 216 100
0.5016052722930908 42 217 100
0.4288618564605713 42 218 100
0.4845552444458008 42 219 100
0.495086669921875 42 220 100
0.41367149353027344 42 221 100
0.48833799362182617 42 222 100
0.47394609451293945 42 223 100
0.42053914070129395 42 224 100
0.47951579093933105 43 225 100
0.4983220100402832 43 226 100
0.42228126525878906 43 227 100
0.015769243240356445 43 228 100
0.052028656005859375 45 229 100
0.4786953926086426 45 230 100
0.4947977066040039 45 231 100
0.5179843902587891 45 232 100
0.43062615394592285 45 233 100
0.01649928092956543 45 234 100
0.49110841751098633 45 235 100
0.4912877082824707 45 236 100
0.431018590927124 45 237 100
0.4916055202484131 45 238 100
0.5011947154998779 45 239 100
0.4339599609375 45 240 100
0.016354799270629883 45 241 100
0.015638113021850586 45 242 100
0.02850961685180664 46 243 100
0.5081815719604492 47 244 100
0.5074779987335205 47 245 100
0.5223722457885742 47 246 100
0.446422815322876 47 247 100
0.4984264373779297 47 248 100
0.5083663463592529 47 249 100
0.550774335861206 49 250 100
0.45172953605651855 49 251 100
0.5111119747161865 49 252 100
0.5391106605529785 49 253 100
0.5490717887878418 49 254 100
0.45551156997680664 49 255 100
0.521916389465332 49 256 100
0.5247416496276855 49 257 100
0.5563397407531738 49 258 100
0.46048665046691895 49 259 100
0.5402364730834961 49 260 100
0.5546479225158691 49 261 100
0.5386519432067871 49 262 100
0.4936513900756836 50 263 100
0.016668081283569336 50 264 100
0.5243873596191406 51 265 100
0.5535171031951904 51 266 100
0.5622220039367676 51 267 100
0.5773060321807861 51 268 100
0.48145461082458496 51 269 100
0.5846874713897705 51 270 100
0.5639417171478271 51 271 100
0.5725431442260742 51 272 100
0.5799381732940674 51 273 100
0.5020492076873779 51 274 100
0.5517153739929199 51 275 100
0.5726461410522461 51 276 100
0.5996396541595459 51 277 100
0.5819487571716309 51 278 100
0.5132813453674316 51 279 100
0.5714898109436035 51 280 100
0.5864310264587402 51 281 100
0.610541820526123 51 282 100
0.5957396030426025 51 283 100
0.5265829563140869 51 284 100
0.5959808826446533 51 285 100
0.574784517288208 51 286 100
0.5948982238769531 51 287 100
0.6050436496734619 51 288 100
0.08101558685302734 3 1 100
0.07879829406738281 3 2 100
0.08317732810974121 3 3 100
0.0778958797454834 3 4 100
0.07715153694152832 3 5 100
0.08041763305664062 3 6 100
0.08124041557312012 3 7 100
0.08427882194519043 3 8 100
0.08459258079528809 3 9 100
0.08768582344055176 3 10 100
0.08980774879455566 3 11 100
0.08992433547973633 3 12 100
0.09523940086364746 3 13 100
0.10099673271179199 3 14 100
0.09500455856323242 3 15 100
0.09892821311950684 3 16 100
0.09996771812438965 3 17 100
0.14038753509521484 3 18 100
0.10447335243225098 3 19 100
0.10572433471679688 3 20 100
0.10716605186462402 3 21 100
0.10864806175231934 3 22 100
0.11008381843566895 3 23 100
0.09917759895324707 3 24 100
0.09941315650939941 3 25 100
0.10191082954406738 3 26 100
0.10398054122924805 3 27 100
0.10773873329162598 3 28 100
0.13668441772460938 3 29 100
0.11641669273376465 3 30 100
0.11646080017089844 3 31 100
0.12206649780273438 3 32 100
0.1162559986114502 3 33 100
0.11565923690795898 3 34 100
0.1172943115234375 3 35 100
0.11434674263000488 3 36 100
0.15793228149414062 3 37 100
0.12531328201293945 3 38 100
0.1196448802947998 3 39 100
0.12468600273132324 3 40 100
0.14332032203674316 4 41 100
0.12900781631469727 4 42 100
0.14723730087280273 4 43 100
0.21381831169128418 4 44 100
0.14817070960998535 4 45 100
0.15317201614379883 4 46 100
0.15262341499328613 4 47 100
0.19083428382873535 4 48 100
0.19945693016052246 4 49 100
0.1620650291442871 4 50 100
0.210493803024292 4 51 100
0.16537976264953613 4 52 100
0.16623377799987793 4 53 100
0.16053247451782227 4 54 100
0.18588519096374512 4 55 100
0.21264028549194336 4 56 100
0.15578150749206543 4 57 100
0.18009519577026367 4 58 100
0.20812106132507324 4 59 100
0.22551918029785156 4 60 100
0.2462167739868164 4 61 100
0.1999340057373047 4 62 100
0.1915285587310791 4 63 100
0.16872549057006836 4 64 100
0.1766805648803711 5 65 100
0.2358708381652832 5 66 100
0.1699361801147461 5 67 100
0.1857597827911377 5 68 100
0.23168540000915527 5 69 100
0.25733423233032227 5 70 100
0.20576906204223633 5 71 100
0.16154813766479492 5 72 100
0.2037656307220459 5 73 100
0.16511225700378418 5 74 100
0.015969514846801758 5 75 100
0.21200823783874512 6 76 100
0.1648263931274414 6 77 100
0.1982100009918213 6 78 100
0.18234610557556152 6 79 100
0.21164560317993164 6 80 100
0.18168354034423828 6 81 100
0.18170452117919922 6 82 100
0.18850040435791016 6 83 100
0.2300887107849121 6 84 100
0.19152045249938965 6 85 100
0.1957390308380127 6 86 100
0.18172073364257812 6 87 100
0.22092413902282715 6 88 100
0.17727375030517578 6 89 100
0.18977761268615723 7 90 100
0.2388315200805664 7 91 100
0.18247461318969727 7 92 100
0.1834547519683838 7 93 100
0.19913744926452637 7 94 100
0.24171233177185059 7 95 100
0.20014047622680664 7 96 100
0.18826818466186523 7 97 100
0.24993515014648438 7 98 100
0.2216963768005371 7 99 100
0.20641136169433594 7 100 100
0.22298836708068848 7 101 100
0.26554274559020996 7 102 100
0.24569988250732422 8 103 100
0.23663043975830078 8 104 100
0.29677486419677734 8 105 100
0.2591516971588135 8 106 100
0.2573277950286865 8 107 100
0.2950022220611572 8 108 100
0.23161935806274414 8 109 100
0.2258284091949463 8 110 100
0.288754940032959 8 111 100
0.22263073921203613 8 112 100
0.23485922813415527 8 113 100
0.3191089630126953 8 114 100
0.2692584991455078 8 115 100
0.24074792861938477 8 116 100
0.2997121810913086 8 117 100
0.25719213485717773 8 118 100
0.2660026550292969 8 119 100
0.2742278575897217 8 120 100
0.22962713241577148 8 121 100
0.24409866333007812 9 122 100
0.30116939544677734 10 123 100
0.2674243450164795 10 124 100
0.31089043617248535 10 125 100
0.2700812816619873 10 126 100
0.2963109016418457 10 127 100
0.2962682247161865 10 128 100
0.28570055961608887 10 129 100
0.2807579040527344 10 130 100
0.3330399990081787 10 131 100
0.29321718215942383 10 132 100
0.3542490005493164 10 133 100
0.32581591606140137 10 134 100
0.2918517589569092 10 135 100
0.3455772399902344 10 136 100
0.3447763919830322 10 137 100
0.39580535888671875 10 138 100
0.3104386329650879 10 139 100
0.3085165023803711 10 140 100
0.3482697010040283 10 141 100
0.2858152389526367 10 142 100
0.3474466800689697 10 143 100
0.28374600410461426 10 144 100
0.3390345573425293 10 145 100
0.28649282455444336 10 146 100
0.2893247604370117 10 147 100
0.3203549385070801 10 148 100
0.286116361618042 10 149 100
0.34662318229675293 11 150 100
0.2924535274505615 11 151 100
0.35357666015625 11 152 100
0.31206536293029785 12 153 100
0.3717620372772217 12 154 100
0.31244802474975586 13 155 100
0.3482182025909424 13 156 100
0.3206298351287842 13 157 100
0.3370096683502197 14 158 100
0.3588578701019287 14 159 100
0.3294034004211426 14 160 100
0.3802485466003418 14 161 100
0.3476600646972656 14 162 100
0.3904697895050049 14 163 100
0.3269009590148926 14 164 100
0.3779284954071045 14 165 100
0.3365437984466553 14 166 100
0.4014623165130615 14 167 100
0.3502631187438965 14 168 100
0.4152677059173584 14 169 100
0.43766021728515625 14 170 100
0.35443902015686035 14 171 100
0.45308947563171387 15 172 100
0.3918583393096924 15 173 100
0.4411153793334961 15 174 100
0.36038851737976074 15 175 100
0.43877267837524414 15 176 100
0.38155460357666016 15 177 100
0.4273538589477539 15 178 100
0.3902854919433594 15 179 100
0.43923044204711914 15 180 100
0.43013620376586914 15 181 100
0.3602104187011719 15 182 100
0.42243170738220215 15 183 100
0.3827998638153076 15 184 100
0.452925443649292 15 185 100
0.4593958854675293 16 186 100
0.355055570602417 16 187 100
0.4463076591491699 16 188 100
0.36713528633117676 16 189 100
0.4336526393890381 16 190 100
0.44851040840148926 16 191 100
0.3884286880493164 16 192 100
0.45720362663269043 16 193 100
0.39569091796875 16 194 100
0.44131040573120117 16 195 100
0.4523937702178955 16 196 100
0.3697690963745117 16 197 100
0.43290162086486816 16 198 100
0.4502253532409668 16 199 100
0.4413020610809326 16 200 100
0.4739527702331543 16 201 100
0.42021894454956055 16 202 100
0.4876551628112793 16 203 100
0.4630851745605469 16 204 100
0.39822983741760254 16 205 100
0.5237092971801758 16 206 100
0.5008339881896973 16 207 100
0.4283468723297119 16 208 100
0.47445106506347656 16 209 100
0.5000259876251221 16 210 100
0.40871691703796387 16 211 100
0.48268985748291016 16 212 100
0.49498510360717773 17 213 100
0.45500636100769043 17 214 100
0.5772051811218262 17 215 100
0.7585439682006836 17 216 100
0.5668299198150635 17 217 100
0.6133642196655273 17 218 100
0.6476109027862549 17 219 100
0.5367777347564697 17 220 100
0.5345306396484375 17 221 100
0.5252604484558105 17 222 100
0.4929978847503662 17 223 100
0.5924363136291504 17 224 100
0.6738200187683105 17 225 100
0.43609046936035156 17 226 100
0.4958369731903076 17 227 100
0.5181002616882324 17 228 100
0.5039041042327881 18 229 100
0.4179544448852539 18 230 100
0.4813807010650635 18 231 100
0.5084502696990967 18 232 100
0.4334537982940674 18 233 100
0.4862983226776123 18 234 100
0.49565696716308594 18 235 100
0.4910907745361328 18 236 100
0.4228172302246094 18 237 100
0.5008518695831299 18 238 100
0.5137815475463867 18 239 100
0.4320688247680664 18 240 100
0.4725017547607422 18 241 100
0.5230538845062256 18 242 100
0.5086686611175537 18 243 100
0.4505155086517334 18 244 100
0.5153064727783203 18 245 100
0.5162491798400879 18 246 100
0.5293276309967041 18 247 100
0.46462059020996094 18 248 100
0.5140886306762695 18 249 100
0.5265531539916992 18 250 100
0.534062385559082 18 251 100
0.46485161781311035 18 252 100
0.5269863605499268 18 253 100
0.5292024612426758 18 254 100
0.5403823852539062 18 255 100
0.4869222640991211 19 256 100
0.5448551177978516 19 257 100
0.6029403209686279 19 258 100
0.5914819240570068 19 259 100
0.6241719722747803 19 260 100
0.5479109287261963 19 261 100
0.6120514869689941 19 262 100
0.6286981105804443 19 263 100
0.5847103595733643 19 264 100
0.573535680770874 19 265 100
0.6172928810119629 19 266 100
0.5381290912628174 19 267 100
0.6109247207641602 19 268 100
0.5635201930999756 19 269 100
0.5802335739135742 19 270 100
0.5537152290344238 19 271 100
0.560389518737793 19 272 100
0.5660378932952881 19 273 100
0.49365782737731934 19 274 100
0.5686931610107422 19 275 100
0.5851888656616211 19 276 100
0.5779962539672852 19 277 100
0.5857198238372803 19 278 100
0.5744037628173828 19 279 100
0.5744979381561279 19 280 100
0.5786879062652588 19 281 100
0.6059904098510742 19 282 100
0.6509454250335693 19 283 100
0.7641422748565674 19 284 100
0.7381954193115234 19 285 100
0.6344671249389648 19 286 100
0.625446081161499 19 287 100
0.5831923484802246 19 288 100
0.5812137126922607 19 289 100
0.5795280933380127 19 290 100
0.5871944427490234 19 291 100
0.5857670307159424 19 292 100
0.5842483043670654 19 293 100
0.5882816314697266 19 294 100
0.593956470489502 19 295 100
0.5968594551086426 19 296 100
0.5881047248840332 19 297 100
0.5984065532684326 19 298 100
0.6077370643615723 19 299 100
0.5928025245666504 19 300 100
0.6338400840759277 19 301 100
0.6369762420654297 19 302 100
0.6685960292816162 20 303 100
0.6732645034790039 20 304 100
0.6485574245452881 20 305 100
0.8963470458984375 20 306 100
0.6436195373535156 20 307 100
0.6419558525085449 20 308 100
0.626211404800415 20 309 100
0.7181968688964844 20 310 100
0.7458856105804443 20 311 100
0.7130091190338135 21 312 100
0.7864415645599365 21 313 100
0.7415344715118408 21 314 100
0.7006278038024902 21 315 100
0.7050623893737793 21 316 100
0.6961421966552734 21 317 100
0.6468527317047119 21 318 100
0.7017154693603516 21 319 100
0.7252647876739502 21 320 100
0.6824297904968262 21 321 100
0.7305316925048828 21 322 100
0.7281036376953125 21 323 100
0.6678943634033203 21 324 100
0.7202193737030029 21 325 100
0.7233164310455322 21 326 100
0.6616735458374023 21 327 100
0.7243251800537109 21 328 100
0.7327165603637695 21 329 100
0.7266035079956055 21 330 100
0.6602554321289062 21 331 100
0.7214531898498535 21 332 100
0.740631103515625 21 333 100
0.6791059970855713 21 334 100
0.7384445667266846 21 335 100
0.755011796951294 21 336 100
0.7580041885375977 21 337 100
0.6931324005126953 21 338 100
0.7278921604156494 21 339 100
0.746990442276001 21 340 100
0.7782433032989502 21 341 100
0.6890137195587158 21 342 100
0.7265660762786865 21 343 100
0.7343831062316895 21 344 100
0.744154691696167 21 345 100
0.6745128631591797 21 346 100
0.7311270236968994 21 347 100
0.7583091259002686 21 348 100
0.7426295280456543 21 349 100
0.6886637210845947 21 350 100
0.7536606788635254 21 351 100
0.7347698211669922 22 352 100
0.7730469703674316 22 353 100
0.7819643020629883 22 354 100
0.6868841648101807 22 355 100
0.7843327522277832 23 356 100
0.7940647602081299 23 357 100
0.789494514465332 23 358 100
0.7263553142547607 23 359 100
0.7597169876098633 23 360 100
0.7656142711639404 23 361 100
0.7748129367828369 23 362 100
0.7871167659759521 23 363 100
0.7188241481781006 23 364 100
0.7940318584442139 23 365 100
0.7761151790618896 23 366 100
0.8128912448883057 23 367 100
0.7614059448242188 23 368 100
0.7949199676513672 23 369 100
0.8062319755554199 23 370 100
0.8209848403930664 23 371 100
0.8109853267669678 23 372 100
0.807661771774292 23 373 100
0.7488291263580322 23 374 100
0.8073925971984863 23 375 100
0.8484823703765869 23 376 100
0.8391659259796143 23 377 100
0.8334121704101562 23 378 100
0.7767257690429688 23 379 100
0.8101513385772705 23 380 100
0.02144622802734375 23 381 100
0.8073525428771973 23 382 100
0.7999415397644043 23 383 100
0.7962696552276611 23 384 100
0.7961492538452148 23 385 100
0.741032600402832 23 386 100
0.8153598308563232 23 387 100
0.8097536563873291 23 388 100
0.8236775398254395 23 389 100
0.8093388080596924 23 390 100
0.7959351539611816 23 391 100
0.8247232437133789 24 392 100
0.7833409309387207 24 393 100
0.8191919326782227 24 394 100
0.8208074569702148 24 395 100
0.8255927562713623 24 396 100
0.8125627040863037 24 397 100
0.8386757373809814 24 398 100
0.754084587097168 24 399 100
0.8207929134368896 24 400 100
0.8177461624145508 24 401 100
0.8291528224945068 24 402 100
0.8387014865875244 24 403 100
0.8249905109405518 24 404 100
0.8257348537445068 24 405 100
0.8490221500396729 24 406 100
0.01704120635986328 24 407 100
0.016299009323120117 24 408 100
0.016201019287109375 24 409 100
0.016568660736083984 24 410 100
0.016466379165649414 24 411 100
0.016145706176757812 24 412 100
0.016085147857666016 24 413 100
0.015867233276367188 24 414 100
0.01614832878112793 24 415 100
0.015725374221801758 24 416 100
0.015810728073120117 24 417 100
0.01702260971069336 24 418 100
0.016040325164794922 24 419 100
0.016696691513061523 24 420 100
0.016126394271850586 24 421 100
0.0173187255859375 24 422 100
0.7609584331512451 24 423 100
0.01582169532775879 24 424 100
0.0269775390625 25 425 100
0.8358116149902344 25 426 100
0.8307883739471436 25 427 100
0.8877518177032471 25 428 100
0.9137060642242432 25 429 100
0.8565206527709961 25 430 100
0.8762502670288086 26 431 100
0.873065710067749 26 432 100
0.9053730964660645 26 433 100
0.8559460639953613 26 434 100
0.9106240272521973 26 435 100
0.8833029270172119 26 436 100
0.8798625469207764 26 437 100
0.8452856540679932 26 438 100
0.9932072162628174 26 439 100
1.2290940284729004 26 440 100
0.9221408367156982 26 441 100
0.8686306476593018 26 442 100
0.8070390224456787 26 443 100
0.8502120971679688 26 444 100
0.8262684345245361 26 445 100
0.8455522060394287 26 446 100
0.8718194961547852 27 447 100
0.8639252185821533 27 448 100
0.8665146827697754 27 449 100
0.8564975261688232 27 450 100
0.858975887298584 27 451 100
0.8485362529754639 27 452 100
0.8553242683410645 27 453 100
0.7794604301452637 27 454 100
0.8668060302734375 28 455 100
0.8743185997009277 28 456 100
0.8740317821502686 28 457 100
0.8676059246063232 28 458 100
0.8527626991271973 28 459 100
0.8521227836608887 28 460 100
0.8551836013793945 28 461 100
0.8829700946807861 28 462 100
0.8748729228973389 28 463 100
0.884962797164917 28 464 100
0.9001052379608154 28 465 100
0.8924646377563477 28 466 100
0.8673627376556396 28 467 100
0.8779177665710449 28 468 100
0.8867635726928711 28 469 100
0.8966784477233887 28 470 100
0.8975656032562256 28 471 100
0.89711594581604 28 472 100
0.8292286396026611 28 473 100
0.8986523151397705 28 474 100
0.9045917987823486 29 475 100
0.015472173690795898 29 476 100
0.887730598449707 29 477 100
0.9000694751739502 29 478 100
0.01604771614074707 29 479 100
0.886160135269165 29 480 100
0.8754189014434814 29 481 100
0.9754526615142822 30 482 100
1.1738812923431396 31 483 100
0.9428939819335938 31 484 100
1.011045217514038 31 485 100
0.9448564052581787 31 486 100
0.9157271385192871 31 487 100
0.9061434268951416 31 488 100
0.9054524898529053 31 489 100
0.8905656337738037 31 490 100
0.8920097351074219 31 491 100
0.900871992111206 31 492 100
0.9031872749328613 31 493 100
0.8967015743255615 31 494 100
0.9127993583679199 31 495 100
0.912928581237793 31 496 100
0.9100351333618164 31 497 100
0.9356153011322021 31 498 100
0.9124243259429932 31 499 100
0.938058614730835 31 500 100
0.9140777587890625 31 501 100
0.9038221836090088 31 502 100
0.90641188621521 31 503 100
0.9046962261199951 31 504 100
0.9336755275726318 31 505 100
0.9273576736450195 31 506 100
0.9216108322143555 31 507 100
0.9273946285247803 31 508 100
0.998319149017334 31 509 100
0.8746411800384521 31 510 100
0.925562858581543 31 511 100
0.9302489757537842 31 512 100
1.0315303802490234 31 513 100
0.8648059368133545 31 514 100
0.9528052806854248 31 515 100
0.9558229446411133 31 516 100
1.0180506706237793 31 517 100
0.8635616302490234 31 518 100
0.9210569858551025 31 519 100
0.01610088348388672 31 520 100
1.0009229183197021 31 521 100
0.8678150177001953 31 522 100
0.9329338073730469 31 523 100
1.0109336376190186 31 524 100
0.880164384841919 31 525 100
0.9345071315765381 31 526 100
1.0228707790374756 31 527 100
0.8744513988494873 31 528 100
0.9449362754821777 31 529 100
1.0335381031036377 32 530 100
0.9006986618041992 32 531 100
1.0521807670593262 32 532 100
0.8920249938964844 32 533 100
0.9508059024810791 32 534 100
1.0126323699951172 32 535 100
0.899066686630249 32 536 100
1.0417439937591553 32 537 100
0.9158172607421875 33 538 100
1.0323336124420166 33 539 100
0.8985912799835205 33 540 100
1.0305943489074707 33 541 100
0.8840210437774658 33 542 100
1.0452477931976318 33 543 100
0.8924469947814941 33 544 100
1.0339081287384033 33 545 100
0.9744830131530762 33 546 100
0.9891307353973389 34 547 100
0.9813041687011719 34 548 100
0.9956138134002686 34 549 100
0.9943547248840332 34 550 100
0.9776546955108643 34 551 100
0.9940898418426514 34 552 100
0.9957959651947021 34 553 100
1.0050911903381348 34 554 100
1.0194189548492432 34 555 100
1.0353007316589355 34 556 100
1.0334053039550781 34 557 100
1.0273334980010986 34 558 100
1.0978100299835205 34 559 100
1.022110939025879 34 560 100
1.0193262100219727 34 561 100
0.9303479194641113 34 562 100
1.0663018226623535 34 563 100
1.0067715644836426 34 564 100
1.005826711654663 34 565 100
0.9166998863220215 34 566 100
0.015549421310424805 34 567 100
0.01505899429321289 34 568 100
0.01441645622253418 34 569 100
0.014909505844116211 34 570 100
0.014716386795043945 34 571 100
0.014934062957763672 34 572 100
0.02818012237548828 35 573 100
1.0950441360473633 35 574 100
1.024170160293579 36 575 100
1.0356323719024658 36 576 100
1.0246307849884033 36 577 100
1.0492932796478271 36 578 100
1.047041654586792 36 579 100
1.039090871810913 36 580 100
1.1204867362976074 36 581 100
1.0725648403167725 36 582 100
1.0853374004364014 36 583 100
1.0554790496826172 36 584 100
1.095043659210205 36 585 100
1.0625898838043213 36 586 100
1.0390441417694092 36 587 100
1.0570118427276611 36 588 100
1.0761675834655762 36 589 100
1.101240634918213 36 590 100
1.0919785499572754 36 591 100
1.1027281284332275 36 592 100
1.0865769386291504 36 593 100
1.0620245933532715 36 594 100
1.0538537502288818 36 595 100
1.0710234642028809 36 596 100
1.08963942527771 37 597 100
1.0738134384155273 37 598 100
1.081049919128418 37 599 100
1.0651640892028809 37 600 100
1.051154375076294 37 601 100
1.1511003971099854 37 602 100
1.0828125476837158 37 603 100
1.0986356735229492 37 604 100
1.0861055850982666 37 605 100
1.0609369277954102 37 606 100
1.046708583831787 37 607 100
1.148355484008789 37 608 100
1.0857985019683838 37 609 100
1.0891811847686768 37 610 100
1.0922529697418213 37 611 100
1.2097537517547607 37 612 100
1.1049878597259521 37 613 100
1.0163958072662354 37 614 100
1.2171809673309326 37 615 100
1.1101343631744385 37 616 100
1.094273567199707 37 617 100
1.1233088970184326 37 618 100
1.223620891571045 37 619 100
1.1225948333740234 37 620 100
1.1158323287963867 37 621 100
1.0968527793884277 37 622 100
1.177321195602417 37 623 100
1.1738708019256592 37 624 100
1.1154942512512207 37 625 100
1.105299711227417 37 626 100
0.019846439361572266 37 627 100
0.018396377563476562 37 628 100
0.017079591751098633 37 629 100
0.021505117416381836 37 630 100
0.017951488494873047 37 631 100
0.020855188369750977 37 632 100
1.0975232124328613 38 633 100
0.015620708465576172 38 634 100
0.016270160675048828 38 635 100
0.015045166015625 38 636 100
1.1017913818359375 38 637 100
0.015932798385620117 38 638 100
0.015516519546508789 38 639 100
0.014632225036621094 38 640 100
1.2072679996490479 38 641 100
0.01614832878112793 38 642 100
1.0842983722686768 38 643 100
1.0776426792144775 39 644 100
1.0983285903930664 39 645 100
1.1941313743591309 39 646 100
1.1437227725982666 39 647 100
0.01573657989501953 39 648 100
1.1296379566192627 39 649 100
1.1211864948272705 40 650 100
1.1932358741760254 40 651 100
1.1686201095581055 40 652 100
1.1052143573760986 40 653 100
1.116537094116211 40 654 100
1.2003774642944336 40 655 100
1.1495258808135986 40 656 100
1.1287686824798584 40 657 100
1.129565715789795 40 658 100
1.2593903541564941 40 659 100
1.1441423892974854 40 660 100
1.1321325302124023 40 661 100
1.2397840023040771 40 662 100
1.2137610912322998 40 663 100
1.1595208644866943 40 664 100
1.153472661972046 40 665 100
1.2049992084503174 40 666 100
1.2321953773498535 41 667 100
1.1583573818206787 41 668 100
1.2567024230957031 41 669 100
1.1489968299865723 41 670 100
1.16041898727417 41 671 100
1.2353975772857666 41 672 100
1.1572070121765137 41 673 100
1.2421684265136719 41 674 100
1.2502145767211914 41 675 100
1.166182041168213 41 676 100
1.188262701034546 41 677 100
1.2586021423339844 41 678 100
1.1581871509552002 41 679 100
1.2954649925231934 41 680 100
1.1934239864349365 41 681 100
1.191866159439087 41 682 100
1.1773693561553955 41 683 100
1.3058445453643799 41 684 100
1.2299621105194092 41 685 100
1.1972217559814453 41 686 100
1.176772117614746 41 687 100
1.318958044052124 41 688 100
1.2153942584991455 41 689 100
1.196131944656372 41 690 100
1.190758466720581 41 691 100
1.2930870056152344 41 692 100
1.3001813888549805 41 693 100
1.2811436653137207 42 694 100
0.016318321228027344 42 695 100
0.015293598175048828 42 696 100
1.3002996444702148 42 697 100
1.5901823043823242 42 698 100
1.3344037532806396 42 699 100
1.2767443656921387 42 700 100
1.262451410293579 42 701 100
1.341581106185913 42 702 100
1.2817018032073975 42 703 100
1.283034086227417 42 704 100
1.2595915794372559 42 705 100
1.2935078144073486 42 706 100
1.2419335842132568 42 707 100
1.1893224716186523 42 708 100
1.259286642074585 42 709 100
1.184629201889038 42 710 100
1.2843921184539795 42 711 100
1.1982362270355225 42 712 100
1.293647289276123 42 713 100
1.19814133644104 42 714 100
1.3249499797821045 43 715 100
1.2380201816558838 43 716 100
1.3439717292785645 43 717 100
1.2278332710266113 43 718 100
1.3266026973724365 43 719 100
1.3117895126342773 43 720 100
1.2235009670257568 43 721 100
0.015496492385864258 43 722 100
0.01741480827331543 43 723 100
1.3531899452209473 43 724 100
1.258988380432129 43 725 100
1.2973153591156006 43 726 100
1.1971673965454102 43 727 100
1.3002688884735107 43 728 100
1.3238129615783691 43 729 100
1.2636549472808838 43 730 100
1.3468947410583496 43 731 100
1.2666528224945068 43 732 100
1.303255319595337 43 733 100
1.3142402172088623 43 734 100
1.2656936645507812 44 735 100
1.363161563873291 44 736 100
1.3712613582611084 44 737 100
0.015372276306152344 44 738 100
1.3064815998077393 44 739 100
1.3438477516174316 44 740 100
1.249211311340332 44 741 100
1.3200268745422363 44 742 100
1.3672494888305664 44 743 100
1.2726833820343018 44 744 100
1.497943639755249 44 745 100
1.3965256214141846 44 746 100
1.401447057723999 44 747 100
1.2979702949523926 44 748 100
1.3819420337677002 44 749 100
1.4551072120666504 44 750 100
1.4462738037109375 44 751 100
1.4697890281677246 44 752 100
1.5679588317871094 44 753 100
1.4158806800842285 44 754 100
0.01630878448486328 44 755 100
0.01620769500732422 44 756 100
1.3384034633636475 44 757 100
1.7241170406341553 44 758 100
1.483057975769043 44 759 100
1.659390926361084 45 760 100
1.4811592102050781 45 761 100
1.4772651195526123 45 762 100
1.339970350265503 45 763 100
1.3862745761871338 45 764 100
1.3752763271331787 45 765 100
1.4186911582946777 45 766 100
1.303124189376831 45 767 100
1.4432928562164307 45 768 100
1.5301308631896973 45 769 100
1.5163373947143555 45 770 100
1.5154139995574951 45 771 100
1.3615491390228271 45 772 100
1.5457229614257812 45 773 100
1.6115522384643555 45 774 100
1.4104158878326416 45 775 100
1.4585039615631104 45 776 100
1.745898962020874 45 777 100
1.400089979171753 45 778 100
1.4868762493133545 45 779 100
1.5261058807373047 45 780 100
1.4331939220428467 45 781 100
1.4740567207336426 45 782 100
1.476926326751709 45 783 100
1.4861743450164795 45 784 100
1.3524034023284912 46 785 100
1.4787318706512451 46 786 100
1.4828972816467285 46 787 100
1.4444377422332764 46 788 100
1.4715638160705566 46 789 100
1.3697309494018555 46 790 100
0.015853404998779297 46 791 100
1.3851895332336426 46 792 100
0.01483917236328125 46 793 100
0.016004562377929688 46 794 100
1.39241361618042 46 795 100
0.01553797721862793 46 796 100
1.302116870880127 46 797 100
0.015323162078857422 46 798 100
1.3885576725006104 46 799 100
1.392688274383545 46 800 100
0.015098333358764648 46 801 100
1.3051128387451172 47 802 100
1.4464373588562012 47 803 100
1.4898464679718018 47 804 100
1.3178155422210693 47 805 100
1.409752607345581 47 806 100
1.4226775169372559 47 807 100
1.4458873271942139 47 808 100
1.3792617321014404 47 809 100
1.4842150211334229 47 810 100
1.579716444015503 47 811 100
1.5009629726409912 47 812 100
1.3758978843688965 47 813 100
1.4386837482452393 47 814 100
1.4230360984802246 47 815 100
1.4357810020446777 47 816 100
1.436959981918335 47 817 100
1.5747148990631104 47 818 100
1.3971142768859863 47 819 100
1.4540541172027588 47 820 100
1.4699368476867676 47 821 100
1.3800482749938965 47 822 100
1.7271432876586914 47 823 100
1.6592118740081787 47 824 100
1.588306188583374 47 825 100
1.4260010719299316 47 826 100
1.5976157188415527 47 827 100
1.5884523391723633 47 828 100
1.6651246547698975 48 829 100
1.550342321395874 48 830 100
1.5967559814453125 48 831 100
1.6259644031524658 48 832 100
1.4605426788330078 48 833 100
1.6008594036102295 48 834 100
1.675032377243042 48 835 100
1.4969732761383057 48 836 100
1.6254606246948242 48 837 100
1.6237249374389648 48 838 100
2.07037353515625 48 839 100
1.7203998565673828 48 840 100
1.553436517715454 48 841 100
1.602407693862915 49 842 100
0.016375303268432617 49 843 100
1.6981892585754395 49 844 100
1.5433144569396973 49 845 100
2.177342176437378 49 846 100
1.8522894382476807 49 847 100
1.884899377822876 49 848 100
1.873504638671875 49 849 100
1.5717401504516602 49 850 100
1.702829360961914 49 851 100
1.6252448558807373 49 852 100
1.6880433559417725 49 853 100
1.698077917098999 49 854 100
1.695929765701294 49 855 100
1.550912618637085 49 856 100
1.653620719909668 49 857 100
1.743570327758789 49 858 100
1.6743957996368408 49 859 100
1.5266056060791016 49 860 100
1.6543891429901123 49 861 100
1.668015718460083 49 862 100
1.615044355392456 49 863 100
1.7822849750518799 49 864 100
1.560805320739746 49 865 100
1.6370275020599365 49 866 100
1.8693530559539795 49 867 100
1.6831114292144775 50 868 100
1.6588165760040283 50 869 100
1.5553615093231201 50 870 100
1.7221269607543945 50 871 100
1.6709697246551514 50 872 100
1.6765594482421875 50 873 100
1.62321138381958 50 874 100
1.660764455795288 50 875 100
1.5574207305908203 50 876 100
1.652580738067627 50 877 100
1.6381285190582275 50 878 100
1.653761386871338 50 879 100
1.6697964668273926 50 880 100
2.031780242919922 50 881 100
1.8126826286315918 50 882 100
1.6670770645141602 51 883 100
1.6558685302734375 51 884 100
1.8985414505004883 51 885 100
1.6599149703979492 51 886 100
1.727301836013794 51 887 100
1.6910202503204346 51 888 100
1.6774826049804688 51 889 100
1.900780200958252 51 890 100
1.7171614170074463 51 891 100
1.5305938720703125 51 892 100
1.6425714492797852 51 893 100
1.8693206310272217 51 894 100
1.7285137176513672 51 895 100
1.7288439273834229 51 896 100
1.729708194732666 52 897 100
1.5381357669830322 52 898 100
1.767244815826416 52 899 100
1.832392930984497 52 900 100
1.7691800594329834 52 901 100
1.7186603546142578 52 902 100
1.9190044403076172 52 903 100
1.555023431777954 52 904 100
1.6648070812225342 52 905 100
1.6824204921722412 52 906 100
0.015135765075683594 52 907 100
1.6569466590881348 52 908 100
0.015409708023071289 52 909 100
0.029155492782592773 53 910 100
0.02143239974975586 53 911 100
0.015505313873291016 53 912 100
1.8478150367736816 53 913 100
1.6976263523101807 53 914 100
1.761587381362915 53 915 100
1.8505477905273438 53 916 100
1.7004542350769043 53 917 100
1.7376809120178223 53 918 100
1.783437728881836 53 919 100
1.720909595489502 53 920 100
2.0875837802886963 53 921 100
2.013115882873535 53 922 100
2.1890792846679688 53 923 100
1.9831280708312988 53 924 100
1.8402559757232666 53 925 100
2.104527235031128 53 926 100
1.7248609066009521 53 927 100
1.7506918907165527 53 928 100
1.7209935188293457 53 929 100
0.01548624038696289 53 930 100
1.800522804260254 53 931 100
1.8080952167510986 53 932 100
1.8279047012329102 53 933 100
0.016135215759277344 53 934 100
1.7567343711853027 53 935 100
0.014518976211547852 53 936 100
1.7303595542907715 53 937 100
1.7525718212127686 53 938 100
1.7981843948364258 53 939 100
1.7485828399658203 53 940 100
1.6585755348205566 53 941 100
1.8053333759307861 53 942 100
1.8512909412384033 53 943 100
1.7399871349334717 53 944 100
1.6847381591796875 53 945 100
1.7346303462982178 53 946 100
1.7078356742858887 53 947 100
1.8239665031433105 53 948 100
1.750554084777832 53 949 100
1.6484026908874512 53 950 100
1.7170982360839844 53 951 100
1.7190146446228027 53 952 100
1.721280574798584 53 953 100
1.875199556350708 53 954 100
1.7092199325561523 53 955 100
1.8401226997375488 53 956 100
1.7223894596099854 53 957 100
1.7317075729370117 53 958 100
1.7808551788330078 53 959 100
1.975360631942749 53 960 100
2.084171772003174 53 961 100
2.1856491565704346 53 962 100
0.0368349552154541 54 963 100
0.0201108455657959 54 964 100
0.020086050033569336 54 965 100
0.02215409278869629 54 966 100
0.021336793899536133 54 967 100
0.02031993865966797 54 968 100
0.02022862434387207 54 969 100
0.017181873321533203 54 970 100
0.017761945724487305 54 971 100
2.363224744796753 54 972 100
1.7888407707214355 54 973 100
1.9860470294952393 54 974 100
0.020041465759277344 54 975 100
2.21866512298584 55 976 100
2.096447229385376 55 977 100
2.027773141860962 55 978 100
2.022839307785034 56 979 100
1.9112234115600586 56 980 100
1.9665381908416748 55 981 100
1.828470230102539 55 982 100
1.803682565689087 55 983 100
1.8646883964538574 55 984 100
1.8617379665374756 55 985 100
1.774703025817871 56 986 100
1.8189609050750732 56 987 100
1.7727200984954834 56 988 100
1.8485662937164307 55 989 100
1.8368968963623047 56 990 100
1.7847802639007568 55 991 100
1.748633623123169 55 992 100
1.7904140949249268 55 993 100
1.8651564121246338 56 994 100
1.8202190399169922 55 995 100
1.8483092784881592 55 996 100
1.787388563156128 56 997 100
1.8893866539001465 56 998 100
1.9092769622802734 56 999 100
1.8335747718811035 56 1000 100
1.8315064907073975 56 1001 100
1.8588459491729736 56 1002 100
1.9105994701385498 56 1003 100
1.8880469799041748 56 1004 100
1.880488395690918 56 1005 100
2.014232635498047 56 1006 100
1.9757699966430664 56 1007 100
1.9141571521759033 56 1008 100
1.86228346824646 56 1009 100
1.8736534118652344 56 1010 100
1.9356026649475098 56 1011 100
2.210695743560791 56 1012 100
2.321136236190796 56 1013 100
2.0899720191955566 56 1014 100
1.8804948329925537 56 1015 100
1.8833694458007812 56 1016 100
1.8998823165893555 57 1017 100
1.8721418380737305 57 1018 100
1.9090514183044434 57 1019 100
1.8324363231658936 57 1020 100
1.8611953258514404 57 1021 100
1.8181798458099365 57 1022 100
1.83817458152771 57 1023 100
1.8518447875976562 57 1024 100
1.9502625465393066 59 1025 100
1.905947208404541 59 1026 100
1.8337819576263428 59 1027 100
2.0747182369232178 59 1028 100
2.047211170196533 59 1029 100
1.8578457832336426 59 1030 100
1.8376548290252686 59 1031 100
1.8571326732635498 59 1032 100
1.8524341583251953 59 1033 100
2.122333288192749 59 1034 100
1.9235618114471436 59 1035 100
1.8813230991363525 59 1036 100
1.865490198135376 59 1037 100
1.668217658996582 59 1038 100
1.7512168884277344 59 1039 100
1.7769725322723389 59 1040 100
1.9077644348144531 59 1041 100
1.6957590579986572 59 1042 100
1.8941819667816162 59 1043 100
1.65346360206604 59 1044 100
1.7468769550323486 59 1045 100
1.8872506618499756 59 1046 100
1.6813671588897705 59 1047 100
1.9031028747558594 59 1048 100
1.6622862815856934 59 1049 100
1.871539831161499 59 1050 100
1.681138038635254 59 1051 100
1.9528725147247314 59 1052 100
1.6854112148284912 59 1053 100
0.016733169555664062 59 1054 100
1.9101171493530273 59 1055 100
0.01624441146850586 59 1056 100
1.695955514907837 59 1057 100
1.7640280723571777 59 1058 100
1.9011294841766357 59 1059 100
1.7108092308044434 59 1060 100
2.0782837867736816 59 1061 100
2.0670416355133057 59 1062 100
1.8641295433044434 59 1063 100
1.9653096199035645 59 1064 100
2.130117177963257 59 1065 100
1.8412055969238281 59 1066 100
1.8869240283966064 59 1067 100
2.0056092739105225 59 1068 100
1.8440282344818115 59 1069 100
2.199106216430664 59 1070 100
1.7779054641723633 59 1071 100
1.9349310398101807 59 1072 100
1.7228100299835205 59 1073 100
1.9478099346160889 59 1074 100
0.015725135803222656 59 1075 100
1.7156453132629395 59 1076 100
1.8084402084350586 59 1077 100
1.914036750793457 59 1078 100
1.6990232467651367 59 1079 100
1.986863374710083 59 1080 100
1.7214577198028564 59 1081 100
1.9506125450134277 59 1082 100
1.7681293487548828 59 1083 100
2.4532532691955566 59 1084 100
2.020719289779663 59 1085 100
2.127960205078125 59 1086 100
1.9291915893554688 59 1087 100
2.1613495349884033 59 1088 100
1.8818728923797607 59 1089 100
2.1301019191741943 59 1090 100
1.941004753112793 59 1091 100
2.340188503265381 59 1092 100
1.9436678886413574 59 1093 100
2.3059849739074707 59 1094 100
1.832651138305664 59 1095 100
2.06846284866333 59 1096 100
1.7300496101379395 59 1097 100
2.073702335357666 59 1098 100
1.885094404220581 60 1099 100
2.00546932220459 60 1100 100
1.719670057296753 60 1101 100
2.0859193801879883 60 1102 100
0.018548250198364258 60 1103 100
2.089299201965332 60 1104 100
1.9940128326416016 60 1105 100
1.9645905494689941 60 1106 100
1.7637927532196045 60 1107 100
2.014040470123291 60 1108 100
1.9377589225769043 60 1109 100
1.773984670639038 60 1110 100
2.0088703632354736 60 1111 100
1.796734094619751 60 1112 100
1.9997222423553467 60 1113 100
1.7495379447937012 60 1114 100
2.0097804069519043 60 1115 100
1.7962982654571533 60 1116 100
2.0148231983184814 60 1117 100
1.806199550628662 61 1118 100
2.0318892002105713 61 1119 100
1.9521563053131104 61 1120 100
1.8220486640930176 61 1121 100
2.024858236312866 61 1122 100
1.924959659576416 61 1123 100
1.803286075592041 61 1124 100
2.014780282974243 61 1125 100
1.7937939167022705 61 1126 100
1.992302417755127 61 1127 100
1.9208734035491943 61 1128 100
1.8000423908233643 61 1129 100
2.0190725326538086 61 1130 100
1.9121510982513428 61 1131 100
1.7789254188537598 61 1132 100
2.00754714012146 61 1133 100
1.8025381565093994 61 1134 100
2.018747329711914 61 1135 100
1.9418325424194336 61 1136 100
1.8039922714233398 61 1137 100
2.022644281387329 61 1138 100
1.9459822177886963 61 1139 100
1.8312246799468994 61 1140 100
2.020571231842041 61 1141 100
1.924868106842041 61 1142 100
1.7924950122833252 61 1143 100
2.0207276344299316 61 1144 100
1.9513537883758545 61 1145 100
1.8198418617248535 61 1146 100
2.049509286880493 61 1147 100
1.951075792312622 61 1148 100
1.9614009857177734 61 1149 100
1.8206596374511719 61 1150 100
2.0463314056396484 61 1151 100
1.9606211185455322 61 1152 100
1.9616014957427979 61 1153 100
1.9678926467895508 61 1154 100
1.9757885932922363 61 1155 100
0.07104682922363281 3 1 100
0.07242751121520996 3 2 100
0.07510042190551758 3 3 100
0.07632088661193848 3 4 100
0.07833075523376465 3 5 100
0.08109831809997559 3 6 100
0.0841214656829834 3 7 100
0.08432507514953613 3 8 100
0.08648252487182617 3 9 100
0.08855652809143066 3 10 100
0.0899651050567627 3 11 100
0.09183812141418457 3 12 100
0.09249258041381836 3 13 100
0.09604072570800781 3 14 100
0.09634017944335938 3 15 100
0.09836363792419434 3 16 100
0.10204458236694336 3 17 100
0.13920855522155762 3 18 100
0.10437369346618652 3 19 100
0.10802102088928223 3 20 100
0.10874223709106445 3 21 100
0.10954761505126953 3 22 100
0.11105227470397949 3 23 100
0.09856510162353516 3 24 100
0.10375499725341797 3 25 100
0.0998239517211914 3 26 100
0.10294818878173828 3 27 100
0.14171671867370605 3 28 100
0.10834169387817383 3 29 100
0.10642004013061523 3 30 100
0.10766887664794922 3 31 100
0.10923433303833008 3 32 100
0.10967445373535156 3 33 100
0.11244702339172363 3 34 100
0.1168220043182373 3 35 100
0.12026548385620117 3 36 100
0.16665959358215332 3 37 100
0.12959623336791992 3 38 100
0.12098217010498047 3 39 100
0.12298321723937988 3 40 100
0.13550043106079102 4 41 100
0.13349127769470215 4 42 100
0.14841461181640625 4 43 100
0.17443203926086426 4 44 100
0.07697558403015137 3 1 100
0.07078194618225098 3 2 100
0.07305121421813965 3 3 100
0.07367205619812012 3 4 100
0.09728074073791504 3 1 100
0.06977248191833496 3 2 100
0.07449460029602051 3 3 100
0.07477736473083496 3 4 100
0.07642722129821777 3 5 100
0.08368754386901855 3 6 100
0.08176350593566895 3 7 100
0.0821683406829834 3 8 100
0.08557701110839844 3 9 100
0.08701133728027344 3 10 100
0.08952975273132324 3 11 100
0.09072279930114746 3 12 100
0.0948953628540039 3 13 100
0.09548687934875488 3 14 100
0.09715938568115234 3 15 100
0.09858345985412598 3 16 100
0.10063314437866211 3 17 100
0.08069062232971191 3 1 100
0.07796311378479004 3 2 100
0.07286882400512695 3 3 100
