0.19525933265686035 3
0.19817185401916504 3
0.194777250289917 3
0.19986438751220703 3
0.2088916301727295 3
0.20948171615600586 3
0.20193910598754883 3
0.20156455039978027 3
0.20184922218322754 3
0.20378541946411133 3
0.20584964752197266 3
0.20583796501159668 3
0.24011468887329102 3
0.20713019371032715 3
0.20757222175598145 3
0.20958566665649414 3
0.20848774909973145 3
0.2169666290283203 3
0.24028992652893066 3
0.22007489204406738 3
0.23556232452392578 3
0.22386670112609863 3
0.20706582069396973 3
0.2099933624267578 3
0.19812393188476562 2
0.19466686248779297 2
0.2015058994293213 2
0.23446893692016602 2
0.19940519332885742 2
0.19556236267089844 2
0.19586443901062012 2
0.19391179084777832 2
0.19086790084838867 2
0.19601726531982422 2
0.19558954238891602 2
0.19678235054016113 2
0.20280790328979492 2
0.19762921333312988 2
0.1997992992401123 2
0.19124674797058105 2
0.19194984436035156 2
0.2064042091369629 3
0.19962239265441895 2
0.21020269393920898 3
0.20553183555603027 2
0.2226250171661377 3
0.23810267448425293 3
0.21434783935546875 3
0.21254205703735352 3
0.21837663650512695 3
0.2247147560119629 3
0.23465180397033691 3
0.22785639762878418 3
0.21407604217529297 3
0.21890020370483398 3
0.23384308815002441 3
0.21761798858642578 2
0.20332980155944824 2
0.21382737159729004 3
0.2182624340057373 3
0.216796875 3
0.23581242561340332 2
0.19958090782165527 2
0.20662188529968262 2
0.20431971549987793 2
0.20648908615112305 2
0.19507360458374023 2
0.19591450691223145 2
0.21817469596862793 2
0.21808123588562012 2
0.19750308990478516 2
0.19301128387451172 2
0.17664432525634766 1
0.17818832397460938 1
0.1762409210205078 1
0.16237711906433105 0
0.19262123107910156 2
0.17667746543884277 1
0.20215511322021484 3
0.1910560131072998 2
0.17939114570617676 1
0.2276473045349121 2
0.19424653053283691 2
0.19916987419128418 2
0.19355010986328125 2
0.19489121437072754 2
0.21140718460083008 2
0.1826491355895996 1
0.1961526870727539 1
0.18210148811340332 1
0.19355368614196777 2
0.1928880214691162 2
0.1830911636352539 1
0.18211150169372559 1
0.1937093734741211 2
0.19674992561340332 2
0.209244966506958 2
0.18152523040771484 1
0.1944115161895752 2
0.2083745002746582 3
0.1961073875427246 2
0.20813703536987305 3
0.21310138702392578 3
0.2218945026397705 4
0.2126142978668213 3
0.22266602516174316 4
0.21999669075012207 4
0.2239370346069336 4
0.20998716354370117 3
0.20638465881347656 2
0.20963788032531738 1
0.20767593383789062 2
0.19506144523620605 1
0.19463038444519043 1
0.1938948631286621 2
0.19574189186096191 2
0.19376301765441895 2
0.19581294059753418 2
0.18103528022766113 1
0.17010736465454102 1
0.17442774772644043 1
0.17987346649169922 1
0.19422578811645508 2
0.19578194618225098 2
0.19858145713806152 2
0.19594907760620117 2
0.19559025764465332 2
0.20826983451843262 3
0.18364524841308594 1
0.20925521850585938 3
0.2044370174407959 3
0.21358585357666016 3
0.20108747482299805 3
0.20305585861206055 3
0.2089555263519287 3
0.20570778846740723 3
0.20191097259521484 3
0.20606708526611328 3
0.19843244552612305 2
0.19284629821777344 2
0.19965887069702148 2
0.19287109375 2
0.21071958541870117 2
0.1964259147644043 2
0.1897749900817871 2
0.18891549110412598 2
0.19198918342590332 2
0.19450092315673828 2
0.1933743953704834 1
0.20737361907958984 2
0.20725059509277344 3
0.2085721492767334 2
0.20819497108459473 2
0.22303557395935059 3
0.22259926795959473 3
0.22122907638549805 3
0.20831680297851562 1
0.23901724815368652 3
0.22610902786254883 4
0.19430851936340332 2
0.20657658576965332 3
0.2045142650604248 3
0.2194666862487793 4
0.20946741104125977 3
0.1954975128173828 2
0.19546961784362793 1
0.21378588676452637 2
0.22842192649841309 3
0.2301480770111084 3
0.22558212280273438 4
0.22420024871826172 3
0.22454452514648438 3
0.2515096664428711 5
0.2389068603515625 5
0.23624110221862793 4
0.2238008975982666 3
0.22380399703979492 4
0.22230076789855957 4
0.20899176597595215 3
0.222365140914917 4
0.2364497184753418 4
0.23298096656799316 2
0.2449169158935547 2
0.22800278663635254 2
0.2406327724456787 2
0.21523404121398926 2
0.21044611930847168 3
0.21687841415405273 1
0.22205042839050293 2
0.23352956771850586 2
0.23027324676513672 2
0.24477505683898926 2
0.2315056324005127 3
0.22726154327392578 3
0.2114861011505127 3
0.20012712478637695 2
0.1987302303314209 2
0.18418049812316895 1
0.18300271034240723 1
0.1840353012084961 1
0.1989278793334961 2
0.1853334903717041 1
0.1969010829925537 2
0.19777846336364746 2
0.19886088371276855 2
0.19796228408813477 2
0.20140647888183594 2
0.20242762565612793 2
0.20429086685180664 2
0.20291876792907715 2
0.19810724258422852 2
0.20107173919677734 2
0.20070981979370117 2
0.21487736701965332 3
0.21036911010742188 3
0.2109086513519287 3
0.20882415771484375 2
0.21770453453063965 2
0.2169041633605957 2
0.21950650215148926 2
0.20270514488220215 2
0.20060372352600098 2
0.20030522346496582 2
0.19815611839294434 2
0.20072221755981445 2
0.2032632827758789 2
0.19911456108093262 2
0.2014765739440918 2
0.2038440704345703 2
0.21068811416625977 2
0.1883249282836914 1
0.19130873680114746 1
0.19649171829223633 1
0.26003313064575195 1
0.19698834419250488 1
0.18850040435791016 1
0.1788926124572754 1
0.18516850471496582 1
0.18672823905944824 1
0.19661879539489746 1
0.20198988914489746 1
0.18938684463500977 1
0.1993272304534912 2
0.19597601890563965 2
0.20545744895935059 2
0.1929304599761963 2
0.20000314712524414 2
0.21062421798706055 2
0.21432995796203613 2
0.2166121006011963 2
0.19883227348327637 2
0.2103133201599121 2
0.20276999473571777 2
0.2003335952758789 2
0.19773006439208984 2
0.2021021842956543 2
0.2159593105316162 3
0.2387831211090088 3
0.22974324226379395 3
0.21262073516845703 3
0.21154427528381348 3
0.2112894058227539 3
0.21512436866760254 3
0.2128734588623047 3
0.2122499942779541 3
0.2161388397216797 3
0.21868157386779785 3
0.22118139266967773 3
0.22654247283935547 3
0.2298879623413086 3
0.22988390922546387 3
0.2059953212738037 2
0.209181547164917 2
0.21030807495117188 2
0.23282337188720703 2
0.21622061729431152 3
0.19990777969360352 2
0.20329999923706055 2
0.20990514755249023 2
0.22104716300964355 2
0.21008086204528809 2
0.2023618221282959 2
0.19943499565124512 2
0.20409083366394043 2
0.20401644706726074 2
0.2131028175354004 2
0.19892573356628418 2
0.2014017105102539 2
0.19884371757507324 2
0.1999967098236084 2
0.19720745086669922 2
0.2017056941986084 2
0.20425033569335938 2
0.19605350494384766 2
0.1967628002166748 2
0.19959783554077148 2
0.19562983512878418 2
0.19341063499450684 2
0.19625091552734375 2
0.19582915306091309 2
0.19904708862304688 2
0.19878029823303223 2
0.1949000358581543 2
0.21512341499328613 3
0.21139287948608398 3
0.21649479866027832 3
0.21293950080871582 3
0.2156369686126709 3
0.21952462196350098 3
0.2129051685333252 3
0.2089061737060547 3
0.2082653045654297 3
0.22116613388061523 4
0.210601806640625 3
0.20679283142089844 3
0.2090590000152588 2
0.21150994300842285 2
0.190751314163208 2
0.19205856323242188 2
0.20415902137756348 2
0.21146893501281738 3
0.20828986167907715 3
0.2191629409790039 3
0.20879054069519043 3
0.20711493492126465 3
0.21518683433532715 3
0.20820903778076172 3
0.21036338806152344 3
0.21580839157104492 3
0.20421862602233887 3
0.20799875259399414 3
0.21529197692871094 2
0.20493316650390625 3
0.20478200912475586 3
0.20595383644104004 3
0.21254634857177734 3
0.20995593070983887 3
0.20934319496154785 3
0.20931363105773926 3
0.21101903915405273 3
0.21182560920715332 3
0.20828652381896973 3
0.20713067054748535 3
0.20795893669128418 2
0.2024247646331787 2
0.18519210815429688 2
0.20354986190795898 1
0.1738722324371338 1
0.17734479904174805 1
0.17418169975280762 1
0.17760062217712402 1
0.18836307525634766 1
0.18259358406066895 1
0.20029282569885254 2
0.20309686660766602 2
0.18666553497314453 1
0.20716285705566406 3
0.217238187789917 3
0.20897960662841797 3
0.2102804183959961 3
0.19413280487060547 2
0.18749284744262695 2
0.18772459030151367 2
0.18860292434692383 2
0.18881630897521973 2
0.18796610832214355 2
0.19225001335144043 2
0.19016385078430176 2
0.18645262718200684 2
0.1841564178466797 2
0.18160653114318848 2
0.17937660217285156 2
0.1815805435180664 2
0.18260478973388672 2
0.18047571182250977 2
0.18284153938293457 2
0.18367815017700195 2
0.18182682991027832 2
0.17864465713500977 2
0.1859598159790039 2
0.17276906967163086 1
0.17383956909179688 0
0.176560640335083 1
0.17339873313903809 1
0.17233848571777344 1
0.163712739944458 1
0.17070674896240234 1
0.1714954376220703 1
0.18073749542236328 1
0.1850724220275879 1
0.1845707893371582 1
0.18967890739440918 1
0.1872706413269043 2
0.18195486068725586 2
0.18098711967468262 2
0.18274283409118652 2
0.18204450607299805 2
0.16855812072753906 1
0.16591715812683105 1
0.17813920974731445 1
0.1697075366973877 1
0.16971492767333984 1
0.1680755615234375 1
0.16340303421020508 1
0.1666240692138672 1
0.16746950149536133 1
0.1692790985107422 1
0.15712738037109375 0
0.15516281127929688 0
0.15649962425231934 0
0.155364990234375 0
0.1560969352722168 0
0.15678644180297852 0
0.15634799003601074 0
0.15532684326171875 0
0.1543278694152832 0
0.15419340133666992 0
0.15642690658569336 0
0.16021347045898438 0
0.1597294807434082 0
0.18876290321350098 0
0.15700769424438477 0
0.15652179718017578 0
0.1691875457763672 1
0.15691637992858887 0
0.17202425003051758 1
0.1731410026550293 1
0.1722879409790039 1
0.16744303703308105 1
0.1679227352142334 1
0.16693735122680664 1
0.18363070487976074 2
0.1673753261566162 1
0.18177151679992676 2
0.18251967430114746 2
0.17867064476013184 2
0.18416929244995117 2
0.16891741752624512 1
0.18566250801086426 1
0.18297195434570312 1
0.18907785415649414 2
0.18116164207458496 1
0.1693272590637207 1
0.16664671897888184 1
0.17551612854003906 1
0.16693425178527832 1
0.16928339004516602 1
0.1819136142730713 2
0.19965600967407227 2
0.1917271614074707 2
0.17671608924865723 1
0.164093017578125 1
0.16430187225341797 1
0.17496728897094727 1
0.18456816673278809 1
0.19296050071716309 2
0.18222999572753906 1
0.18219256401062012 1
0.1743175983428955 1
0.17362189292907715 1
0.17430973052978516 1
0.17084956169128418 1
0.17191743850708008 1
0.17472076416015625 1
0.1699085235595703 1
0.1625676155090332 1
0.16259002685546875 1
0.16415023803710938 1
0.16527152061462402 1
0.16759467124938965 1
0.16661667823791504 1
0.1638965606689453 1
0.16481471061706543 1
0.17219758033752441 1
0.16173458099365234 1
0.1724855899810791 2
0.14708948135375977 0
0.16157960891723633 1
0.1571958065032959 1
0.14614057540893555 0
0.16270756721496582 1
0.15624499320983887 1
0.17732739448547363 2
0.1806786060333252 2
0.18135929107666016 2
0.20036649703979492 2
0.1840510368347168 2
0.18462085723876953 2
0.18743062019348145 2
0.18355655670166016 2
0.1846909523010254 1
0.17287445068359375 1
0.16872382164001465 1
0.17074036598205566 1
0.1654214859008789 1
0.17623257637023926 2
0.17673969268798828 2
0.20550012588500977 2
0.16039299964904785 1
0.15999674797058105 1
0.15882301330566406 1
0.17476844787597656 1
0.1611318588256836 1
0.16102170944213867 1
0.1602802276611328 1
0.17199945449829102 2
0.17954468727111816 2
0.1726372241973877 2
0.1813192367553711 2
0.19556975364685059 2
0.17268681526184082 2
0.17217302322387695 2
0.17305731773376465 2
0.17396283149719238 2
0.16082525253295898 1
0.17586708068847656 2
0.1790318489074707 2
0.19344615936279297 2
0.17242765426635742 1
0.16514277458190918 1
0.16149306297302246 0
0.16084623336791992 1
0.16326260566711426 1
0.15646147727966309 1
0.15854096412658691 1
0.1702876091003418 1
0.17692232131958008 1
0.17439746856689453 1
0.1621251106262207 1
0.16094541549682617 1
0.17125797271728516 2
0.17610716819763184 2
0.1741194725036621 2
0.16491150856018066 1
0.16804957389831543 1
0.16932344436645508 1
0.1723623275756836 1
0.1746842861175537 1
0.18456435203552246 2
0.16806721687316895 1
0.18531370162963867 2
0.16945505142211914 1
0.1700758934020996 1
0.19702839851379395 2
0.17090940475463867 1
0.17185592651367188 1
0.16516518592834473 1
0.18163657188415527 2
0.16557788848876953 1
0.17885518074035645 2
0.1814870834350586 2
0.16926813125610352 1
0.18792057037353516 2
0.1837294101715088 2
0.1837921142578125 2
0.18277883529663086 2
0.1854696273803711 2
0.18169403076171875 2
0.18399786949157715 2
0.19118189811706543 2
0.19521093368530273 2
0.18932175636291504 2
0.18547511100769043 2
0.17527174949645996 1
0.17248773574829102 1
0.16815900802612305 1
0.17481780052185059 1
0.17195630073547363 0
0.15966486930847168 0
0.15773963928222656 0
0.1595776081085205 0
0.15699124336242676 0
0.15823101997375488 0
0.17194128036499023 1
0.17325139045715332 1
0.1853799819946289 2
0.17873668670654297 2
0.19869232177734375 1
0.1661367416381836 1
0.16520977020263672 1
0.17248916625976562 1
0.17147469520568848 1
0.18546748161315918 2
0.18005990982055664 2
0.18633151054382324 2
0.18546724319458008 2
0.18552637100219727 2
0.18366527557373047 2
0.18221616744995117 2
0.1836857795715332 2
0.1846001148223877 2
0.18410015106201172 2
0.18178439140319824 2
0.19506573677062988 2
0.18885374069213867 2
0.18241596221923828 2
0.18072009086608887 2
0.19234633445739746 3
0.18038368225097656 2
0.19403862953186035 3
0.1827375888824463 2
0.1693577766418457 1
0.16902613639831543 1
0.17963194847106934 2
0.17988848686218262 2
0.1780850887298584 2
0.1800694465637207 2
0.18071770668029785 1
0.18126940727233887 2
0.18558812141418457 2
0.1858382225036621 2
0.18280887603759766 2
0.18421339988708496 2
0.18416690826416016 2
0.18294119834899902 2
0.18246245384216309 2
0.19089150428771973 2
0.1860027313232422 2
0.18091487884521484 2
0.18100881576538086 2
0.18034791946411133 1
0.17133426666259766 1
0.1737806797027588 1
0.16913270950317383 1
0.16915559768676758 1
0.16800498962402344 1
0.1691570281982422 1
0.156083345413208 0
0.1528470516204834 0
0.15479278564453125 0
0.15380454063415527 0
0.1521129608154297 0
0.15751910209655762 0
0.1648237705230713 1
0.14931178092956543 0
0.15132975578308105 0
0.1521899700164795 0
0.16419339179992676 1
0.14957118034362793 0
0.154679536819458 0
0.15868425369262695 0
0.19329166412353516 1
0.16158103942871094 0
0.19344067573547363 1
0.1887664794921875 1
0.2012801170349121 2
0.19345378875732422 2
0.1776292324066162 1
0.17948007583618164 0
0.19116640090942383 1
0.19255828857421875 2
0.18340468406677246 2
0.20395302772521973 2
0.20033574104309082 2
0.19669675827026367 2
0.20477938652038574 2
0.20043444633483887 2
0.2007126808166504 2
0.22131896018981934 2
0.19243264198303223 2
0.18381309509277344 2
0.19911432266235352 1
0.17233562469482422 1
0.19766759872436523 1
0.20266437530517578 1
0.17432332038879395 1
0.16909074783325195 1
0.18132591247558594 2
0.1685187816619873 1
0.1859276294708252 2
0.17852139472961426 2
0.18987369537353516 2
0.18690776824951172 2
0.1784670352935791 2
0.178788423538208 2
0.1985640525817871 2
0.18245649337768555 1
0.20919156074523926 2
0.1861250400543213 2
0.172041654586792 1
0.17904162406921387 2
0.18134307861328125 2
0.16642117500305176 1
0.16456317901611328 1
0.17924141883850098 2
0.17206573486328125 1
0.16444849967956543 1
0.16934466361999512 1
0.17173528671264648 1
0.171250581741333 1
0.17240166664123535 1
0.1687159538269043 1
0.18595623970031738 2
0.18190264701843262 1
0.18557977676391602 2
0.1528644561767578 0
0.15468859672546387 0
0.18399715423583984 2
0.17112421989440918 1
0.18248367309570312 2
0.1845865249633789 2
0.20682835578918457 2
0.18010759353637695 2
0.2124478816986084 2
0.18372464179992676 2
0.1741626262664795 1
0.19604825973510742 2
0.1823885440826416 2
0.18569183349609375 2
0.18158507347106934 2
0.18824553489685059 2
0.18078899383544922 2
0.18061280250549316 2
0.1861433982849121 2
0.18328595161437988 2
0.19549870491027832 3
0.19483709335327148 3
0.20257854461669922 3
0.17931008338928223 2
0.18127965927124023 2
0.16318392753601074 1
0.17353129386901855 1
0.17309832572937012 0
0.1735973358154297 0
0.18827056884765625 1
0.1860959529876709 2
0.20096921920776367 1
0.18507885932922363 1
0.18254733085632324 1
0.17136645317077637 1
0.1713254451751709 1
0.17324495315551758 1
0.17026734352111816 1
0.18380236625671387 1
0.1856551170349121 1
0.2183990478515625 2
0.18913817405700684 2
0.20171689987182617 3
0.1765000820159912 0
0.2060401439666748 3
0.20128345489501953 2
0.17981719970703125 2
0.18729496002197266 2
0.18763422966003418 2
0.18524765968322754 2
0.19100141525268555 2
0.20029830932617188 2
0.18479371070861816 2
0.18573260307312012 2
0.18654751777648926 2
0.1888742446899414 2
0.18693017959594727 2
0.18775510787963867 2
0.1884782314300537 2
0.17568135261535645 1
0.1615123748779297 0
0.1702737808227539 0
0.1773829460144043 1
0.17250418663024902 1
0.17666125297546387 1
0.19155216217041016 2
0.17578983306884766 1
0.18945026397705078 2
0.18845319747924805 2
0.1898024082183838 2
0.17239952087402344 1
0.1885995864868164 2
0.17624521255493164 1
0.1763918399810791 1
0.19124269485473633 2
0.17043256759643555 1
0.1839001178741455 1
0.1829066276550293 1
0.2036731243133545 2
0.18526291847229004 2
0.19265222549438477 2
0.19002318382263184 2
0.19498586654663086 2
0.19224286079406738 2
0.18566608428955078 2
0.19063305854797363 2
0.20672130584716797 2
0.21289634704589844 2
0.2010653018951416 1
0.1959226131439209 2
0.20602202415466309 2
0.195465087890625 2
0.17470073699951172 1
0.19582557678222656 2
0.1867823600769043 1
0.18603014945983887 1
0.17253470420837402 0
0.18059229850769043 1
0.16802048683166504 0
0.1643049716949463 0
0.18239784240722656 1
0.18089079856872559 0
0.18029332160949707 1
0.18279480934143066 0
0.19453930854797363 1
0.16684484481811523 1
0.15231680870056152 0
0.17551755905151367 2
0.16564559936523438 1
0.18977618217468262 2
0.19830727577209473 2
0.17972755432128906 2
0.18710970878601074 2
0.1904921531677246 2
0.19136786460876465 2
0.18109655380249023 2
0.18252158164978027 2
0.17699003219604492 2
0.1836700439453125 2
0.17997360229492188 2
0.18420815467834473 2
0.1824204921722412 2
0.17986345291137695 2
0.17651104927062988 2
0.18975543975830078 2
0.16689848899841309 1
0.17071080207824707 1
0.1711416244506836 1
0.17007184028625488 1
0.1755387783050537 1
0.1687924861907959 1
0.17249822616577148 1
0.17157673835754395 1
0.1707007884979248 1
0.1911160945892334 2
0.22225284576416016 2
0.1930100917816162 2
0.1827681064605713 2
0.18077754974365234 2
0.18295526504516602 2
0.18327999114990234 2
0.1692342758178711 1
0.1749095916748047 1
0.173170804977417 1
0.16736388206481934 1
0.17606401443481445 1
0.17278623580932617 1
0.18404316902160645 1
0.16875839233398438 0
0.20095324516296387 3
0.19606685638427734 3
0.19608473777770996 3
0.19998645782470703 2
0.1866593360900879 2
0.18469834327697754 2
0.1836555004119873 2
0.18516850471496582 2
0.17797136306762695 1
0.1918017864227295 2
0.19591879844665527 2
0.18572664260864258 2
0.1818709373474121 2
0.18329548835754395 2
0.18996095657348633 2
0.1898202896118164 2
0.18300819396972656 2
0.18035888671875 2
0.1833481788635254 2
0.18062877655029297 2
0.18513250350952148 2
0.18190336227416992 2
0.18467283248901367 2
0.17017507553100586 1
0.18320059776306152 2
0.1829671859741211 2
0.18246841430664062 2
0.18346881866455078 2
0.18398451805114746 2
0.1854877471923828 2
0.17026162147521973 1
0.16975688934326172 1
0.185837984085083 2
0.18386507034301758 2
0.18278980255126953 2
0.1945936679840088 2
0.1934504508972168 2
0.17285466194152832 1
0.16849637031555176 1
0.1876356601715088 2
0.17353105545043945 1
0.1731572151184082 1
0.1742393970489502 1
0.18758201599121094 1
0.17049360275268555 1
0.17494988441467285 1
0.20522379875183105 3
0.1860044002532959 1
0.1772909164428711 1
0.17376065254211426 1
0.17738580703735352 1
0.17592692375183105 1
0.16845417022705078 1
0.17947888374328613 2
0.18440556526184082 2
0.1862471103668213 2
0.1869337558746338 2
0.22234272956848145 2
0.18571114540100098 2
0.18496990203857422 2
0.18433403968811035 2
0.1810004711151123 2
0.18006181716918945 2
0.16513681411743164 0
0.16782617568969727 1
0.1655893325805664 0
0.1661679744720459 1
0.15496158599853516 0
0.14937663078308105 0
0.1757669448852539 2
0.1708381175994873 1
0.16793131828308105 1
0.19450783729553223 2
0.16718101501464844 1
0.16857290267944336 1
0.16521310806274414 1
0.16736555099487305 1
0.16990256309509277 2
0.1716442108154297 1
0.1772143840789795 2
0.16424918174743652 1
0.17497038841247559 2
0.16289472579956055 1
0.18180561065673828 2
0.1848151683807373 2
0.1857926845550537 2
0.17575550079345703 0
0.16584491729736328 1
0.16300725936889648 1
0.16153240203857422 1
0.14637398719787598 0
0.16167449951171875 1
0.14525508880615234 0
0.1839604377746582 1
0.16884922981262207 1
0.17738771438598633 1
0.15793180465698242 1
0.17204928398132324 1
0.16936326026916504 1
0.17116475105285645 1
0.15813374519348145 1
0.15609431266784668 1
0.15883684158325195 1
0.15905284881591797 1
0.1660001277923584 1
0.16364359855651855 1
0.16512155532836914 1
0.1682431697845459 1
0.18381643295288086 1
0.17072534561157227 1
0.1636950969696045 1
0.16659092903137207 1
0.1618342399597168 1
0.1663343906402588 1
0.16364812850952148 1
0.16652321815490723 1
0.16674399375915527 1
0.16840314865112305 1
0.15779638290405273 1
0.16813349723815918 1
0.1566026210784912 0
0.1563403606414795 0
0.15596270561218262 0
0.16615962982177734 0
0.1717827320098877 0
0.15337157249450684 0
0.15388083457946777 0
0.15088820457458496 0
0.16400456428527832 1
0.1659255027770996 1
0.1656484603881836 1
0.15326452255249023 0
0.17832398414611816 2
0.16651320457458496 1
0.16524243354797363 1
0.1777358055114746 2
0.16919922828674316 1
0.17962002754211426 2
0.17886018753051758 2
0.17855048179626465 2
0.18072175979614258 1
0.19014835357666016 1
0.17840003967285156 1
0.18030905723571777 1
0.1823134422302246 1
0.17319679260253906 1
0.17711305618286133 1
0.1689138412475586 1
0.1806948184967041 1
0.1810441017150879 1
0.1833348274230957 1
0.1834697723388672 1
0.1710507869720459 1
0.184248685836792 2
0.1900501251220703 2
0.1862163543701172 2
0.19753170013427734 3
0.19914674758911133 3
0.20807838439941406 3
0.1888425350189209 2
0.17741155624389648 1
0.17180705070495605 1
0.20614385604858398 1
0.17522764205932617 1
0.17165541648864746 1
0.17258954048156738 1
0.17269515991210938 1
0.18871712684631348 2
0.18758726119995117 2
0.17618298530578613 1
0.18629837036132812 2
0.1753370761871338 1
0.18358540534973145 2
0.17868494987487793 1
0.1729717254638672 1
0.17528414726257324 1
0.1755237579345703 1
0.1785438060760498 1
0.19652342796325684 2
0.17774152755737305 1
0.1759352684020996 1
0.20551180839538574 3
0.20199251174926758 3
0.1778106689453125 1
0.18048787117004395 1
0.19068336486816406 1
0.18483996391296387 1
0.18034052848815918 1
0.20593714714050293 2
0.1898179054260254 1
0.17843079566955566 1
0.18684029579162598 1
0.18461203575134277 1
0.18233132362365723 1
0.17730402946472168 1
0.17412114143371582 1
0.1854081153869629 2
0.18549132347106934 2
0.18563008308410645 2
0.18834590911865234 2
0.18992209434509277 2
0.19161629676818848 2
0.17615365982055664 1
0.1782853603363037 1
0.16989874839782715 1
0.17648673057556152 1
0.19710826873779297 1
0.20885515213012695 2
0.1989741325378418 2
0.18733859062194824 1
0.18111801147460938 0
0.2015979290008545 1
0.17792129516601562 0
0.19482827186584473 2
0.17988801002502441 1
0.18018579483032227 1
0.1858060359954834 1
0.1843860149383545 1
0.19112467765808105 2
0.19484972953796387 2
0.1966235637664795 2
0.19443845748901367 2
0.19198036193847656 2
0.19066238403320312 2
0.20389676094055176 2
0.1923370361328125 2
0.19411253929138184 2
0.19205498695373535 2
0.18981266021728516 2
0.18999052047729492 2
0.19010710716247559 2
0.17516183853149414 0
0.1843094825744629 1
0.19747281074523926 2
0.18334269523620605 1
0.18193578720092773 1
0.20708489418029785 2
0.20287537574768066 2
0.20450782775878906 2
0.2542426586151123 2
0.2002861499786377 2
0.2034146785736084 2
0.20657801628112793 2
0.21433234214782715 2
0.20423173904418945 2
0.20515799522399902 2
0.20314383506774902 2
0.2110753059387207 2
0.20241355895996094 2
0.21253466606140137 2
0.19627761840820312 2
0.1956641674041748 1
0.19507575035095215 2
0.18129539489746094 1
0.17899847030639648 1
0.19156837463378906 2
0.19816112518310547 1
0.18056988716125488 1
0.18163490295410156 1
0.16874194145202637 0
0.19382500648498535 2
0.18318819999694824 1
0.21378612518310547 3
0.20003914833068848 2
0.2068643569946289 3
0.20815110206604004 3
0.19384050369262695 2
0.19515776634216309 2
0.18987822532653809 2
0.19493532180786133 2
0.17386603355407715 1
0.18952465057373047 2
0.20165538787841797 2
0.19307780265808105 2
0.2046492099761963 3
0.20666956901550293 3
0.19114136695861816 2
0.20305895805358887 3
0.1917426586151123 2
0.19606900215148926 2
0.21291422843933105 3
0.20900392532348633 2
0.19496655464172363 2
0.18115949630737305 1
0.19316720962524414 2
0.19618558883666992 2
0.19479703903198242 2
0.18082499504089355 1
0.18445253372192383 1
0.18456625938415527 1
0.19382047653198242 2
0.19697332382202148 2
0.1923511028289795 2
0.19179463386535645 2
0.19110512733459473 2
0.19665789604187012 2
0.19780492782592773 2
0.1954514980316162 1
0.18420910835266113 1
0.17928576469421387 1
0.1832292079925537 1
0.19912028312683105 2
0.20081090927124023 2
0.2003955841064453 2
0.1980445384979248 2
0.2022256851196289 2
0.19700241088867188 2
0.19583582878112793 2
0.19863510131835938 2
0.19879889488220215 2
0.19626474380493164 2
0.20095515251159668 2
0.19273066520690918 2
0.22457027435302734 3
0.2284691333770752 3
0.2293379306793213 3
0.21423029899597168 3
0.20586466789245605 3
0.24019408226013184 3
0.2275223731994629 3
0.20667648315429688 3
0.20499420166015625 3
0.20579314231872559 3
0.2204587459564209 3
0.20751142501831055 3
0.2105236053466797 3
0.21197748184204102 3
0.2126932144165039 3
0.21655631065368652 3
0.2311868667602539 3
0.21470928192138672 3
0.21778464317321777 3
0.1976003646850586 3
0.19701933860778809 3
0.19489049911499023 3
0.1970524787902832 3
0.20106148719787598 3
0.23313617706298828 3
0.203599214553833 3
0.20261573791503906 3
0.20305705070495605 3
0.20345759391784668 3
0.20622587203979492 3
0.2074415683746338 3
0.20980167388916016 3
0.2092902660369873 3
0.21448945999145508 3
0.21042323112487793 3
0.20823407173156738 3
0.21698355674743652 3
0.21305298805236816 3
0.20943999290466309 3
0.20876741409301758 3
0.20914840698242188 3
0.20592045783996582 3
0.20992159843444824 3
0.19716596603393555 2
0.19260621070861816 2
0.19388103485107422 2
0.19372320175170898 2
0.1916520595550537 2
0.19121289253234863 2
0.19298696517944336 2
0.19378185272216797 2
0.19136977195739746 2
0.1952524185180664 2
0.19764947891235352 2
0.1938490867614746 2
0.19647550582885742 2
0.2003493309020996 2
0.19614958763122559 2
0.19576263427734375 2
0.1947801113128662 2
0.2148444652557373 3
