0.20839381217956543 3
0.22252655029296875 3
0.21181344985961914 3
0.2288680076599121 3
0.214860200881958 3
0.25478100776672363 3
0.22859692573547363 3
0.2146620750427246 3
0.2128448486328125 3
0.21358847618103027 3
0.21599221229553223 3
0.217254638671875 3
0.21923089027404785 3
0.22152495384216309 3
0.21628832817077637 3
0.24262762069702148 3
0.22151732444763184 3
0.2206284999847412 3
0.21709799766540527 3
0.2182469367980957 3
0.21856212615966797 3
0.22001266479492188 3
0.2177600860595703 3
0.22043800354003906 3
0.2031855583190918 2
0.20183348655700684 2
0.20248126983642578 2
0.20435237884521484 2
0.2012772560119629 2
0.20084500312805176 2
0.20130085945129395 2
0.2204887866973877 2
0.1993274688720703 2
0.204345703125 2
0.20513129234313965 2
0.21472740173339844 2
0.2040576934814453 2
0.2110912799835205 2
0.2059471607208252 2
0.21283340454101562 2
0.2077474594116211 2
0.22122669219970703 3
0.20325779914855957 2
0.21799015998840332 3
0.21463227272033691 2
0.22146058082580566 3
0.2183361053466797 3
0.22375130653381348 3
0.22423195838928223 3
0.23749971389770508 3
0.22064733505249023 3
0.21892833709716797 3
0.22312664985656738 3
0.22848868370056152 3
0.2225017547607422 3
0.2326669692993164 3
0.20707106590270996 2
0.20847105979919434 2
0.23284673690795898 3
0.21840429306030273 3
0.21421599388122559 3
0.20331072807312012 2
0.2170391082763672 2
0.21253728866577148 2
0.21342992782592773 2
0.21164584159851074 2
0.2105555534362793 2
0.21366596221923828 2
0.2207176685333252 2
0.20456314086914062 2
0.20621967315673828 2
0.20772933959960938 2
0.1870579719543457 1
0.18879485130310059 1
0.19068217277526855 1
0.17505717277526855 0
0.20867633819580078 2
0.19495391845703125 1
0.22575998306274414 3
0.24462342262268066 2
0.1925952434539795 1
0.21056509017944336 2
0.20598483085632324 2
0.20589971542358398 2
0.21140360832214355 2
0.21087288856506348 2
0.21953129768371582 2
0.20194029808044434 1
0.20996952056884766 1
0.21153473854064941 1
0.21323704719543457 2
0.20923256874084473 2
0.20134758949279785 1
0.19455552101135254 1
0.23223567008972168 2
0.2104511260986328 2
0.2179732322692871 2
0.18982648849487305 1
0.21518611907958984 2
0.23075318336486816 3
0.21332836151123047 2
0.23906517028808594 3
0.23246049880981445 3
0.23949003219604492 4
0.23588919639587402 3
0.2584106922149658 4
0.23701977729797363 4
0.24230337142944336 4
0.23321962356567383 3
0.23105931282043457 2
0.22847509384155273 1
0.2332901954650879 2
0.21709799766540527 1
0.21498823165893555 1
0.21144318580627441 2
0.20904207229614258 2
0.21399450302124023 2
0.21232390403747559 2
0.20399260520935059 1
0.20695185661315918 1
0.18900656700134277 1
0.20405983924865723 1
0.20881009101867676 2
0.21157073974609375 2
0.23386240005493164 2
0.21051549911499023 2
0.22925591468811035 2
0.22007250785827637 3
0.18978071212768555 1
0.2530241012573242 3
0.21920490264892578 3
0.23365020751953125 3
0.22111773490905762 3
0.2158973217010498 3
0.2151622772216797 3
0.21779584884643555 3
0.2155923843383789 3
0.2140028476715088 3
0.24624180793762207 2
0.20419907569885254 2
0.20171213150024414 2
0.2012479305267334 2
0.21834993362426758 2
0.20250821113586426 2
0.20036673545837402 2
0.20641064643859863 2
0.2082843780517578 2
0.21835589408874512 2
0.20774531364440918 1
0.22981572151184082 2
0.2246415615081787 3
0.2331068515777588 2
0.22662687301635742 2
0.23806977272033691 3
0.25548624992370605 3
0.23854732513427734 3
0.24524497985839844 1
0.23758888244628906 3
0.23574542999267578 4
0.20981502532958984 2
0.22042155265808105 3
0.22207903861999512 3
0.23832488059997559 4
0.21967577934265137 3
0.20313000679016113 2
0.2063281536102295 1
0.2177884578704834 2
0.2363131046295166 3
0.23543143272399902 3
0.23476386070251465 4
0.2362072467803955 3
0.2376267910003662 3
0.2977738380432129 5
0.2543044090270996 5
0.25189709663391113 4
0.23702263832092285 3
0.23497319221496582 4
0.2360215187072754 4
0.21975302696228027 3
0.23525547981262207 4
0.2541472911834717 4
0.2433309555053711 2
0.2579023838043213 2
0.24293875694274902 2
0.22153615951538086 3
0.21386122703552246 3
0.2105119228363037 3
0.21295666694641113 3
0.21582293510437012 3
0.20771002769470215 3
0.20305132865905762 3
0.21349167823791504 3
0.2167365550994873 3
0.24969935417175293 3
0.21566200256347656 3
0.22026491165161133 3
0.23845481872558594 3
0.21627140045166016 3
0.20560359954833984 3
0.2080843448638916 3
0.21338248252868652 3
0.21094703674316406 3
0.245131254196167 3
0.22745585441589355 3
0.2189772129058838 3
0.2178356647491455 3
0.22602057456970215 3
0.2321181297302246 3
0.22052669525146484 3
0.2233259677886963 3
0.22304916381835938 3
0.2245802879333496 3
0.22925400733947754 3
0.23024868965148926 3
0.2401876449584961 3
0.23380160331726074 3
0.2407691478729248 3
0.24425530433654785 3
0.22673320770263672 3
0.2343308925628662 3
0.2546510696411133 3
0.2412424087524414 3
0.21517562866210938 3
0.21692895889282227 3
0.20794892311096191 3
0.25577521324157715 3
0.21417450904846191 3
0.22474217414855957 3
0.21835541725158691 3
0.22278666496276855 3
0.20884919166564941 3
0.20545220375061035 3
0.24019408226013184 3
0.2126026153564453 3
0.2104816436767578 3
0.21657752990722656 3
0.23110389709472656 3
0.21886157989501953 3
0.24929451942443848 3
0.21553850173950195 3
0.2148911952972412 3
0.2068042755126953 3
0.21218276023864746 3
0.2021641731262207 3
0.23794293403625488 3
0.20788836479187012 3
0.20861554145812988 3
0.21312856674194336 3
0.2117767333984375 3
0.21448087692260742 3
