0.23401260375976562 3
0.21973133087158203 3
0.216033935546875 3
0.21921324729919434 3
0.2202746868133545 3
0.25136709213256836 3
0.2190108299255371 3
0.2183699607849121 3
0.21842432022094727 3
0.22206497192382812 3
0.22414350509643555 3
0.2289578914642334 3
0.22543072700500488 3
0.22416162490844727 3
0.2266371250152588 3
0.2277843952178955 3
0.2260434627532959 3
0.22833466529846191 3
0.22835612297058105 3
0.2388160228729248 3
0.2224276065826416 3
0.22522187232971191 3
0.23214459419250488 3
0.24265503883361816 3
0.2132854461669922 2
0.21555113792419434 2
0.20806884765625 2
0.2182462215423584 2
0.20627951622009277 2
0.20653605461120605 2
0.20592451095581055 2
0.22148895263671875 2
0.20598697662353516 2
0.22011637687683105 2
0.20999407768249512 2
0.21991848945617676 2
0.22347760200500488 2
0.21271657943725586 2
0.21224260330200195 2
0.2083454132080078 2
0.22348952293395996 2
0.22575068473815918 3
0.20901703834533691 2
0.22394561767578125 3
0.21163105964660645 2
0.23704743385314941 3
0.23281407356262207 3
0.2389523983001709 3
0.22316598892211914 3
0.22506046295166016 3
0.2267136573791504 3
0.2244253158569336 3
0.22537589073181152 3
0.22402548789978027 3
0.22657251358032227 3
0.22333431243896484 3
0.20609498023986816 2
0.2090604305267334 2
0.22518634796142578 3
0.22529911994934082 3
0.22165799140930176 3
0.21370720863342285 2
0.20885705947875977 2
0.20881009101867676 2
0.2085399627685547 2
0.22158360481262207 2
0.20856237411499023 2
0.20900869369506836 2
0.20609068870544434 2
0.20784616470336914 2
0.20870327949523926 2
0.20778107643127441 2
0.18999409675598145 1
0.19036483764648438 1
0.19156503677368164 1
0.17263245582580566 0
0.20815753936767578 2
0.19021081924438477 1
0.22093629837036133 3
0.23728656768798828 2
0.19427037239074707 1
0.21811985969543457 2
0.21081018447875977 2
0.2183518409729004 2
0.21515893936157227 2
0.2082815170288086 2
0.21948623657226562 2
0.20539283752441406 1
0.21839284896850586 1
0.2039813995361328 1
0.21495652198791504 2
0.2270219326019287 2
0.20366144180297852 1
0.19445228576660156 1
0.21122479438781738 2
0.21306824684143066 2
0.2099165916442871 2
0.1925973892211914 1
0.21130704879760742 2
0.22525501251220703 3
0.20966053009033203 2
0.22331905364990234 3
0.22982382774353027 3
0.2400369644165039 4
0.22929978370666504 3
0.24204254150390625 4
0.2376270294189453 4
0.23918914794921875 4
0.2261369228363037 3
0.22367286682128906 2
0.22887539863586426 1
0.2273426055908203 2
0.21011018753051758 1
0.2148427963256836 1
0.21074128150939941 2
0.2148580551147461 2
0.2099902629852295 2
0.2139267921447754 2
0.19041848182678223 1
0.197920560836792 1
0.19278526306152344 1
0.19745588302612305 1
0.20946049690246582 2
0.21083879470825195 2
0.2113490104675293 2
0.20985913276672363 2
0.20921587944030762 2
0.22583961486816406 3
0.19208478927612305 1
0.22404956817626953 3
0.21934843063354492 3
0.21542787551879883 3
0.21677565574645996 3
0.21559810638427734 3
0.21904659271240234 3
0.2200613021850586 3
0.21695637702941895 3
0.21616792678833008 3
0.20577096939086914 2
0.20412111282348633 2
0.206312894821167 2
0.20897841453552246 2
0.21938729286193848 2
0.20545339584350586 2
0.20459485054016113 2
0.20004987716674805 2
0.20497488975524902 2
0.20746874809265137 2
0.20641040802001953 1
0.2207648754119873 2
0.21812057495117188 3
0.22289085388183594 2
0.22280550003051758 2
0.23813796043395996 3
0.23746705055236816 3
0.23847198486328125 3
0.22307944297790527 1
0.22405219078063965 3
0.23672747611999512 4
0.207275390625 2
0.21937274932861328 3
0.22211265563964844 3
0.23650455474853516 4
0.22066068649291992 3
0.20571351051330566 2
0.20521211624145508 1
0.22821044921875 2
0.23823308944702148 3
0.2413616180419922 3
0.24353241920471191 4
0.2396104335784912 3
0.24257493019104004 3
0.30675625801086426 5
0.25773096084594727 5
0.2542564868927002 4
0.2404327392578125 3
0.239304780960083 4
0.23949098587036133 4
0.22521662712097168 3
0.2532017230987549 4
0.25510644912719727 4
0.2452385425567627 2
0.26233339309692383 2
0.24793386459350586 2
0.2709071636199951 2
0.23441243171691895 2
0.23064613342285156 3
0.2326798439025879 1
0.23022031784057617 2
0.24060583114624023 2
0.24599242210388184 2
0.26111817359924316 2
0.24217510223388672 3
0.23460078239440918 3
0.23096108436584473 3
0.2310185432434082 2
0.22396016120910645 2
0.20590996742248535 1
0.19865012168884277 1
0.20271611213684082 1
0.21236705780029297 2
0.2002096176147461 1
0.21606993675231934 2
0.21551132202148438 2
0.21692442893981934 2
0.20920300483703613 2
0.2116553783416748 2
0.21098899841308594 2
0.22301316261291504 2
0.21301817893981934 2
0.21332073211669922 2
0.21273565292358398 2
0.21541047096252441 2
0.22818422317504883 3
0.2251753807067871 3
0.23090863227844238 3
0.2356562614440918 2
0.2345573902130127 2
0.22792458534240723 2
0.2269423007965088 2
0.21227288246154785 2
0.2256636619567871 2
0.2119617462158203 2
0.20945453643798828 2
0.20606017112731934 2
0.20889973640441895 2
0.20876288414001465 2
0.21052002906799316 2
0.21063542366027832 2
0.22548604011535645 2
0.19625377655029297 1
0.19529390335083008 1
0.19576549530029297 1
0.20821428298950195 1
0.19012188911437988 1
0.18860769271850586 1
0.19196081161499023 1
0.1934223175048828 1
0.19468355178833008 1
0.19435667991638184 1
0.19281768798828125 1
0.19433212280273438 1
0.21237897872924805 2
0.21864819526672363 2
0.22301387786865234 2
0.2089846134185791 2
0.20634055137634277 2
0.21128606796264648 2
0.20822858810424805 2
0.2094130516052246 2
0.2117931842803955 2
0.21448183059692383 2
0.24320030212402344 2
0.21618938446044922 2
0.22156143188476562 2
0.2110908031463623 2
0.22906923294067383 3
0.2296295166015625 3
0.2325115203857422 3
0.22611737251281738 3
0.24231815338134766 3
0.23473548889160156 3
0.22815537452697754 3
0.22701239585876465 3
0.22716951370239258 3
0.22926092147827148 3
0.22926044464111328 3
0.22980451583862305 3
0.22844243049621582 3
0.2303757667541504 3
0.22805380821228027 3
0.21164965629577637 2
0.21301698684692383 2
0.2140178680419922 2
0.2298736572265625 2
0.2296290397644043 3
0.2132108211517334 2
0.21076512336730957 2
0.21044301986694336 2
0.21088004112243652 2
0.21721887588500977 2
0.21283769607543945 2
0.2097456455230713 2
0.21232318878173828 2
0.21074724197387695 2
0.21732401847839355 2
0.2115180492401123 2
0.21073174476623535 2
0.21117186546325684 2
0.2097930908203125 2
0.21051812171936035 2
0.2074439525604248 2
0.21187043190002441 2
0.21123838424682617 2
0.2044672966003418 2
0.20508289337158203 2
0.20759057998657227 2
0.2059800624847412 2
0.20628786087036133 2
0.20711445808410645 2
0.20723438262939453 2
0.21102285385131836 2
0.20575499534606934 2
0.22556710243225098 3
0.22339224815368652 3
0.22486662864685059 3
0.22557640075683594 3
0.22753000259399414 3
0.22792649269104004 3
0.22632265090942383 3
0.22240972518920898 3
0.22356081008911133 3
0.23720979690551758 4
0.22166681289672852 3
0.22065281867980957 3
0.22131967544555664 2
0.22023892402648926 2
0.20198845863342285 2
0.2019941806793213 2
0.2088639736175537 2
0.22169065475463867 3
0.22036337852478027 3
0.22067999839782715 3
0.22017693519592285 3
0.21777057647705078 3
0.22165560722351074 3
0.22102594375610352 3
0.2194840908050537 3
0.21905231475830078 3
0.21679425239562988 3
0.2189188003540039 3
0.21937823295593262 2
0.2157576084136963 3
0.22135305404663086 3
0.22322511672973633 3
0.22298026084899902 3
0.22081470489501953 3
0.22263550758361816 3
0.22579073905944824 3
0.2213435173034668 3
0.22540712356567383 3
0.2172250747680664 3
0.21744823455810547 3
0.21857404708862305 2
0.21552777290344238 2
0.19877290725708008 2
0.18111109733581543 1
0.18055343627929688 1
0.17895841598510742 1
0.18001723289489746 1
0.18061494827270508 1
0.19460201263427734 1
0.21450042724609375 1
0.19812726974487305 2
0.2045745849609375 2
0.19708871841430664 1
0.22193026542663574 3
0.2233564853668213 3
0.2281348705291748 3
0.21849989891052246 3
0.19963526725769043 2
0.1994478702545166 2
0.19913268089294434 2
0.19875121116638184 2
0.19765162467956543 2
0.2043008804321289 2
0.2100236415863037 2
0.21292972564697266 2
0.1961967945098877 2
0.19243502616882324 2
0.19642329216003418 2
0.19169187545776367 2
0.19190335273742676 2
0.19258618354797363 2
0.19408202171325684 2
0.19361519813537598 2
0.19552850723266602 2
0.19369220733642578 2
0.1913766860961914 2
0.20646023750305176 2
0.18358969688415527 1
0.1807703971862793 0
0.178755521774292 1
0.18169665336608887 1
0.17987966537475586 1
0.17997050285339355 1
0.18134856224060059 1
0.18140268325805664 1
0.18196320533752441 1
0.17849469184875488 1
0.1782529354095459 1
0.18039393424987793 1
0.19618630409240723 2
0.19158244132995605 2
0.19265031814575195 2
0.1920926570892334 2
0.19113945960998535 2
0.19144463539123535 1
0.17612195014953613 1
0.1766352653503418 1
0.1773393154144287 1
0.18155336380004883 1
0.1774144172668457 1
0.1737983226776123 1
0.1781625747680664 1
0.17664265632629395 1
0.1798093318939209 1
0.16286921501159668 0
0.16118836402893066 0
0.16235995292663574 0
0.16299867630004883 0
0.1622612476348877 0
0.16958189010620117 0
0.16814517974853516 0
0.1632394790649414 0
0.16739749908447266 0
0.16965293884277344 0
0.1615922451019287 0
0.15871214866638184 0
0.16010761260986328 0
0.1602795124053955 0
0.16113543510437012 0
0.16215085983276367 0
0.17589449882507324 1
0.16331744194030762 0
0.17857718467712402 1
0.18060541152954102 1
0.17897486686706543 1
0.1770634651184082 1
0.17479968070983887 1
0.17545270919799805 1
0.18983912467956543 2
0.1763317584991455 1
0.18973422050476074 2
0.19047999382019043 2
0.19179153442382812 2
0.19402790069580078 2
0.21372580528259277 1
0.19238758087158203 1
0.1920773983001709 1
0.19250798225402832 2
0.19155406951904297 1
0.1777939796447754 1
0.17429900169372559 1
0.1777641773223877 1
0.17505812644958496 1
0.17739486694335938 1
0.19384765625 2
0.19138360023498535 2
0.18970847129821777 2
0.17870187759399414 1
0.17215538024902344 1
0.1743788719177246 1
0.1717848777770996 1
0.17211556434631348 1
0.19009685516357422 2
0.17158770561218262 1
0.18797683715820312 1
0.18402838706970215 1
0.18509602546691895 1
0.1821134090423584 1
0.18048787117004395 1
0.1828632354736328 1
0.18223333358764648 1
0.18070244789123535 1
0.1708531379699707 1
0.17059087753295898 1
0.17443609237670898 1
0.17310261726379395 1
0.17154812812805176 1
0.17230224609375 1
0.17180800437927246 1
0.1732642650604248 1
0.16793131828308105 1
0.16917681694030762 1
0.18122529983520508 2
0.1533980369567871 0
0.16842222213745117 1
0.16711759567260742 1
0.155226469039917 0
0.17093706130981445 1
0.17618799209594727 1
0.18168354034423828 2
0.18585205078125 2
0.18644070625305176 2
0.20408368110656738 2
0.19102120399475098 2
0.18686413764953613 2
0.19445538520812988 2
0.19882917404174805 2
0.19112205505371094 1
0.18642544746398926 1
0.1914081573486328 1
0.18597173690795898 1
0.17831683158874512 1
0.18462133407592773 2
0.18714237213134766 2
0.19060063362121582 2
0.17236328125 1
0.16860747337341309 1
0.1735522747039795 1
0.16855716705322266 1
0.16967129707336426 1
0.16892361640930176 1
0.16747450828552246 1
0.1840808391571045 2
0.1860637664794922 2
0.1839148998260498 2
0.1828010082244873 2
0.18295574188232422 2
0.18094491958618164 2
0.1813502311706543 2
0.1839771270751953 2
0.18650388717651367 2
0.17157268524169922 1
0.18287992477416992 2
0.18172597885131836 2
0.18412208557128906 2
0.16970252990722656 1
0.16902685165405273 1
0.15142226219177246 0
0.1680295467376709 1
0.16672492027282715 1
0.165999174118042 1
0.16830229759216309 1
0.16880083084106445 1
0.16713356971740723 1
0.16998934745788574 1
0.16886425018310547 1
0.1700153350830078 1
0.1809697151184082 2
0.1833946704864502 2
0.18332242965698242 2
0.17279529571533203 1
0.1717984676361084 1
0.20750069618225098 1
0.17623662948608398 1
0.17556142807006836 1
0.19138097763061523 2
0.17801690101623535 1
0.19359135627746582 2
0.1822049617767334 1
0.17876720428466797 1
0.20789647102355957 2
0.1780083179473877 1
0.17611098289489746 1
0.17533373832702637 1
0.18896007537841797 2
0.1767716407775879 1
0.1918187141418457 2
0.19090700149536133 2
0.17878079414367676 1
0.20026540756225586 2
0.1890244483947754 2
0.18968582153320312 2
0.19147014617919922 2
0.19449162483215332 2
0.19350147247314453 2
0.1969013214111328 2
0.19461274147033691 2
0.19435524940490723 2
0.19611740112304688 2
0.19532251358032227 2
0.17982769012451172 1
0.18085241317749023 1
0.17870497703552246 1
0.17872095108032227 1
0.181196928024292 0
0.1649942398071289 0
0.16605210304260254 0
0.16478180885314941 0
0.16259026527404785 0
0.16608214378356934 0
0.18109536170959473 1
0.19777393341064453 1
0.19785094261169434 2
0.1931147575378418 2
0.17750978469848633 1
0.1759340763092041 1
0.18286824226379395 1
0.19165682792663574 1
0.19025301933288574 1
0.1974320411682129 2
0.19427919387817383 2
0.1939389705657959 2
0.1935138702392578 2
0.1961979866027832 2
0.19327068328857422 2
0.19202041625976562 2
0.19083738327026367 2
0.19571757316589355 2
0.1937248706817627 2
0.19431185722351074 2
0.19340229034423828 2
0.2066957950592041 2
0.19447898864746094 2
0.1949615478515625 2
0.2068328857421875 3
0.19384121894836426 2
0.20925664901733398 3
0.19587969779968262 2
0.18221020698547363 1
0.1794741153717041 1
0.19174718856811523 2
0.18762540817260742 2
0.19677495956420898 2
0.19273805618286133 2
0.19399547576904297 1
0.19862079620361328 2
0.20693635940551758 2
0.2011713981628418 2
0.19395828247070312 2
0.1968371868133545 2
0.19557571411132812 2
0.19831061363220215 2
0.19542789459228516 2
0.19693350791931152 2
0.1990206241607666 2
0.19551753997802734 2
0.19487357139587402 2
0.19511175155639648 1
0.1808159351348877 1
0.18085908889770508 1
0.17914581298828125 1
0.2152392864227295 1
0.1892545223236084 1
0.18300151824951172 1
0.1641223430633545 0
0.16148734092712402 0
0.1672072410583496 0
0.1682295799255371 0
0.16606783866882324 0
0.16557669639587402 0
0.18169808387756348 1
0.17429304122924805 0
0.17042088508605957 0
0.16266989707946777 0
0.1865391731262207 1
0.16019821166992188 0
0.16279911994934082 0
0.16195297241210938 0
0.18968582153320312 1
0.1618361473083496 0
0.17861294746398926 1
0.1930983066558838 1
0.19412016868591309 2
0.19314074516296387 2
0.18134260177612305 1
0.19280076026916504 0
0.18990588188171387 1
0.19515466690063477 2
0.19524240493774414 2
0.20786547660827637 2
0.20779824256896973 2
0.2061605453491211 2
0.2107524871826172 2
0.21265506744384766 2
0.1930997371673584 2
0.19335412979125977 2
0.1936500072479248 2
0.19227981567382812 2
0.20065093040466309 1
0.18137431144714355 1
0.21561408042907715 1
0.20908689498901367 1
0.1746213436126709 1
0.1792900562286377 1
0.19237589836120605 2
0.1778266429901123 1
0.19179916381835938 2
0.19025301933288574 2
0.19394278526306152 2
0.19083642959594727 2
0.19028210639953613 2
0.20079898834228516 2
0.20438408851623535 2
0.18976116180419922 1
0.2040250301361084 2
0.18863892555236816 2
0.17731189727783203 1
0.19318246841430664 2
0.1886579990386963 2
0.17653489112854004 1
0.17934656143188477 1
0.1916518211364746 2
0.17800688743591309 1
0.1766834259033203 1
0.17949891090393066 1
0.18199801445007324 1
0.17853045463562012 1
0.18126368522644043 1
0.18790745735168457 1
0.19571137428283691 2
0.17861199378967285 1
0.19262480735778809 2
0.17306947708129883 0
0.16042423248291016 0
0.19102001190185547 2
0.17898917198181152 1
0.1918048858642578 2
0.1934812068939209 2
0.22223782539367676 2
0.19182229042053223 2
0.20677423477172852 2
0.1930408477783203 2
0.17679262161254883 1
0.20591449737548828 2
0.19182348251342773 2
0.19233226776123047 2
0.19385361671447754 2
0.19152331352233887 2
0.1920454502105713 2
0.19154095649719238 2
0.19016671180725098 2
0.19055414199829102 2
0.20473384857177734 3
0.20447421073913574 3
0.20326566696166992 3
0.1891157627105713 2
0.18869614601135254 2
0.17543435096740723 1
0.17681145668029785 1
0.17624378204345703 0
0.1784367561340332 0
0.19286632537841797 1
0.20701360702514648 2
0.19570422172546387 1
0.19546198844909668 1
0.19267725944519043 1
0.18128728866577148 1
0.18071222305297852 1
0.18069100379943848 1
0.18387484550476074 1
0.19426965713500977 1
0.19250726699829102 1
0.19503498077392578 2
0.19614005088806152 2
0.223160982131958 3
0.1927955150604248 0
0.23329615592956543 3
0.20791983604431152 2
0.21341967582702637 2
0.23656630516052246 2
0.20464491844177246 2
0.2074282169342041 2
0.20324420928955078 2
0.225081205368042 2
0.20203065872192383 2
0.20340514183044434 2
0.21488666534423828 2
0.20117640495300293 2
0.21259617805480957 2
0.19310569763183594 2
0.19319391250610352 2
0.1844618320465088 1
0.1657569408416748 0
0.16629862785339355 0
0.18243861198425293 1
0.18204092979431152 1
0.181626558303833 1
0.20093488693237305 2
0.18068218231201172 1
0.20117521286010742 2
0.19838356971740723 2
0.20115995407104492 2
0.19239568710327148 1
0.19985389709472656 2
0.18323493003845215 1
0.18314051628112793 1
0.21007251739501953 2
0.18065738677978516 1
0.1871476173400879 1
0.1913299560546875 1
0.21558547019958496 2
0.2171015739440918 2
0.22369647026062012 2
0.20447611808776855 2
0.20337796211242676 2
0.2059309482574463 2
0.20511221885681152 2
0.19679665565490723 2
0.21718764305114746 2
0.21390390396118164 2
0.20191311836242676 1
0.19482851028442383 2
0.21086597442626953 2
0.20826506614685059 2
0.19179940223693848 1
0.2043466567993164 2
0.1942739486694336 1
0.19466495513916016 1
0.17974138259887695 0
0.1937103271484375 1
0.17961740493774414 0
0.1761312484741211 0
0.19479680061340332 1
0.19782423973083496 0
0.19678592681884766 1
0.19306087493896484 0
0.20924687385559082 1
0.17696237564086914 1
0.16269683837890625 0
0.1893470287322998 2
0.17664432525634766 1
0.1943826675415039 2
0.19747400283813477 2
0.1930246353149414 2
0.1936497688293457 2
0.19484591484069824 2
0.19467854499816895 2
0.19214439392089844 2
0.1943216323852539 2
0.1886441707611084 2
0.1947476863861084 2
0.1935887336730957 2
0.1960277557373047 2
0.1930246353149414 2
0.19295096397399902 2
0.18851923942565918 2
0.18779945373535156 2
0.1835172176361084 1
0.19117522239685059 1
0.17891955375671387 1
0.1827986240386963 1
0.22708654403686523 1
0.18273377418518066 1
0.19588065147399902 1
0.18450117111206055 1
0.1806037425994873 1
0.20064973831176758 2
0.20471477508544922 2
0.199324369430542 2
0.20033740997314453 2
0.19609332084655762 2
0.19468450546264648 2
0.1941521167755127 2
0.1806015968322754 1
0.1825881004333496 1
0.1810455322265625 1
0.18149447441101074 1
0.18157291412353516 1
0.18276500701904297 1
0.19668149948120117 1
0.1829543113708496 0
0.21391797065734863 3
0.21091318130493164 3
0.20824694633483887 3
0.19821977615356445 2
0.1989755630493164 2
0.19649887084960938 2
0.19581890106201172 2
0.19606328010559082 2
0.18190526962280273 1
0.19684815406799316 2
0.19849109649658203 2
0.19611287117004395 2
0.19993066787719727 2
0.19950485229492188 2
0.19675183296203613 2
0.19991827011108398 2
0.19795632362365723 2
0.19569015502929688 2
0.19640159606933594 2
0.19076108932495117 2
0.19533491134643555 2
0.19427752494812012 2
0.1985025405883789 2
0.18473434448242188 1
0.20251202583312988 2
0.19967222213745117 2
0.1955409049987793 2
0.2101905345916748 2
0.19714021682739258 2
0.198838472366333 2
0.18227696418762207 1
0.18129372596740723 1
0.19985532760620117 2
0.1976919174194336 2
0.19697260856628418 2
0.1938462257385254 2
0.19518446922302246 2
0.17847776412963867 1
0.17924761772155762 1
0.19713687896728516 2
0.18480396270751953 1
0.17994213104248047 1
0.18253469467163086 1
0.1825404167175293 1
0.1826331615447998 1
0.18015718460083008 1
0.20902729034423828 3
0.1976463794708252 1
0.1795804500579834 1
0.1859278678894043 1
0.17818045616149902 1
0.18592381477355957 1
0.17693352699279785 1
0.1932508945465088 2
0.19249272346496582 2
0.194929838180542 2
0.19733381271362305 2
0.19752073287963867 2
0.19237327575683594 2
0.19066166877746582 2
0.19321131706237793 2
0.18870949745178223 2
0.19114351272583008 2
0.17561984062194824 0
0.17554569244384766 1
0.21184587478637695 0
0.17917203903198242 1
0.1627819538116455 0
0.16104984283447266 0
0.18946123123168945 2
0.17873501777648926 1
0.1809077262878418 1
0.19177722930908203 2
0.19990134239196777 1
0.17734956741333008 1
0.17649126052856445 1
0.17640447616577148 1
0.19110488891601562 2
0.19298076629638672 1
0.18186044692993164 2
0.17440009117126465 1
0.18973398208618164 2
0.17146587371826172 1
0.19022274017333984 2
0.18887019157409668 2
0.1873002052307129 2
0.1727008819580078 0
0.17615056037902832 1
0.17364239692687988 1
0.17353105545043945 1
0.15520405769348145 0
0.16785073280334473 1
0.15344691276550293 0
0.16929388046264648 1
0.18692588806152344 1
0.17441821098327637 1
0.17189502716064453 1
0.1724257469177246 1
0.18857669830322266 1
0.17624711990356445 1
0.17338180541992188 1
0.16924571990966797 1
0.16911101341247559 1
0.17288732528686523 1
0.17661166191101074 1
0.17755866050720215 1
0.17507290840148926 1
0.1763441562652588 1
0.17584824562072754 1
0.17479968070983887 1
0.17653679847717285 1
0.17519736289978027 1
0.17589783668518066 1
0.17659616470336914 1
0.1723649501800537 1
0.1754896640777588 1
0.17533469200134277 1
0.17794585227966309 1
0.17376160621643066 1
0.1762228012084961 1
0.15620040893554688 0
0.16086959838867188 0
0.15510821342468262 0
0.15597844123840332 0
0.15751075744628906 0
0.15758109092712402 0
0.1557447910308838 0
0.15884947776794434 0
0.17577219009399414 1
0.1735701560974121 1
0.17138361930847168 1
0.15874099731445312 0
0.18671703338623047 2
0.1758725643157959 1
0.17496967315673828 1
0.19111943244934082 2
0.17672967910766602 1
0.18965959548950195 2
0.18881821632385254 2
0.19049429893493652 2
0.1900782585144043 1
0.19105076789855957 1
0.19892239570617676 1
0.19344329833984375 1
0.19284963607788086 1
0.1812744140625 1
0.18113183975219727 1
0.1800234317779541 1
0.19285964965820312 1
0.19295501708984375 1
0.19419479370117188 1
0.19521570205688477 1
0.18209624290466309 1
0.19681835174560547 2
0.19388031959533691 2
0.20894885063171387 2
0.2078232765197754 3
0.20905160903930664 3
0.20988130569458008 3
0.19642353057861328 2
0.17950892448425293 1
0.1832122802734375 1
0.17983007431030273 1
0.17996573448181152 1
0.18105363845825195 1
0.18124842643737793 1
0.18142127990722656 1
0.19797134399414062 2
0.1963489055633545 2
0.1820235252380371 1
0.19373154640197754 2
0.19816374778747559 1
0.19425249099731445 2
0.18274998664855957 1
0.19187498092651367 1
0.1892244815826416 1
0.18408966064453125 1
0.20013189315795898 1
0.20061373710632324 2
0.1839151382446289 1
0.18485260009765625 1
0.21496319770812988 3
0.21540260314941406 3
0.199906587600708 1
0.18724584579467773 1
0.22294330596923828 1
0.1896495819091797 1
0.19183969497680664 1
0.20613431930541992 2
0.1879405975341797 1
0.1887519359588623 1
0.18745183944702148 1
0.18650126457214355 1
0.18810153007507324 1
0.18883848190307617 1
0.18798398971557617 1
0.19836091995239258 2
0.19948410987854004 2
0.1984105110168457 2
0.19118523597717285 2
0.20043492317199707 2
0.19878745079040527 2
0.18436121940612793 1
0.1848609447479248 1
0.1869213581085205 1
0.18580055236816406 1
0.19654273986816406 1
0.23108839988708496 2
0.20090889930725098 2
0.18793010711669922 1
0.1762239933013916 0
0.19301700592041016 1
0.1753072738647461 0
0.20518851280212402 2
0.19018888473510742 1
0.20389103889465332 1
0.1978747844696045 1
0.19493818283081055 1
0.2101457118988037 2
0.20720577239990234 2
0.22367048263549805 2
0.2059645652770996 2
0.20510315895080566 2
0.20662140846252441 2
0.20643401145935059 2
0.20371770858764648 2
0.2046036720275879 2
0.21104025840759277 2
0.21325993537902832 2
0.22785115242004395 2
0.21823573112487793 2
0.19572997093200684 0
0.19903969764709473 1
0.21615219116210938 2
0.18347668647766113 1
0.1850876808166504 1
0.2035350799560547 2
0.202728271484375 2
0.20593738555908203 2
0.20460724830627441 2
0.20641589164733887 2
0.205613374710083 2
0.2009732723236084 2
0.2064964771270752 2
0.2093513011932373 2
0.2067122459411621 2
0.2038588523864746 2
0.20639467239379883 2
0.20013022422790527 2
0.20128273963928223 2
0.1987466812133789 2
0.2040879726409912 1
0.2034776210784912 2
0.1887812614440918 1
0.19297122955322266 1
0.20361804962158203 2
0.20839595794677734 1
0.19010615348815918 1
0.1894211769104004 1
0.17379045486450195 0
0.20703649520874023 2
0.19172048568725586 1
0.2239394187927246 3
0.21395039558410645 2
0.22082948684692383 3
0.21834039688110352 3
0.2025432586669922 2
0.20624399185180664 2
0.20304489135742188 2
0.2043776512145996 2
0.18677210807800293 1
0.20480775833129883 2
0.2179272174835205 2
0.2402946949005127 2
0.21982192993164062 3
0.21831583976745605 3
0.2030186653137207 2
0.21626949310302734 3
0.20385432243347168 2
0.20218348503112793 2
0.21847820281982422 3
0.2357025146484375 2
0.20379137992858887 2
0.18773245811462402 1
0.2026965618133545 2
0.20136141777038574 2
0.20424413681030273 2
0.19111919403076172 1
0.18913984298706055 1
0.18991971015930176 1
0.20380210876464844 2
0.20365524291992188 2
0.20392560958862305 2
0.20455646514892578 2
0.20457863807678223 2
0.20321869850158691 2
0.20315217971801758 2
0.18882131576538086 1
0.19037222862243652 1
0.1903824806213379 1
0.19165468215942383 1
0.2090456485748291 2
0.2106320858001709 2
0.21075439453125 2
0.20993447303771973 2
0.21433758735656738 2
0.20998263359069824 2
0.2092595100402832 2
0.21226763725280762 2
0.21138238906860352 2
0.21196198463439941 2
0.2145366668701172 2
0.20257329940795898 2
